9 74199417334091000
971463436679942146
648992255278227000
975836337764003842
973529465065234433
975781716332875778
973639498138636288
640095144042209280
667822677973794816
672924539886706689
971664732728864768
592055235025186816
974983381086859264
514708432663093249
598546145674207232
975752358469783552
610880808967098368
976038932893880320
975786717759361029
593496227284656129
974679260224020480
653473269178368000
975787552899829760
687412570152669184
643449820120809472
975766214382358528
579042029650448384
676884079615283202
973455740772986880
680899893255401473
580410388514209792
661954942253535234
636635825921490945
583292287452647424
456139382274396160
618912194739236864
670753777020964864
619609426291466241
664912874477854720
973846741857554432
567435045435351041
485526352008081408
975016092698664960
635392247106797568
618917780000231424
975735567278399488
702579758677291008
976029240289263616
976045901054660608
415495733148930048
975825803840753665
559442576420638720
975025299401428000
593727918527881216
964611850427097088
975807886348705000
562352581071351000
440456658603769856
678656465280831000
973521050934939648
975753780741529000
974706890751074305
702538486793039872
973998555680641029
610198441826873344
610870772123455488
571723514962702339
973160169881440257
677908290270007296
404352613418020864
679396560535486466
481527329987239937
975757017041260544
975813549422465024
689475473328381954
653286086739906560
974770994962485249
514873813830754307
681990811383414784
569602224386646017
621065776640970752
554657195619807233
975815482392698880
683646365310648320
975771560769474560
688829239559323650
570350395488231424
976031427853766657
975838658245857283
498956582601109504
973222524220788736
594236551904755713
973624259829551105
654746019977035778
663441640133173252
568113718980182017
696773728210915328
600584640865402880
687315380507770880
975780371274051586
974396449076203520
595180338244091904
679426825198682112
605876396024430592
641273894725414912
975307703735279617
543035260511219000
416954133338652672
974629459168022530
975738610879221761
631461730078584832
644075766368595968
644198313915498497
667821356554170369
557215376199933952
974967748404154000
566679126237806000
409408487613947904
975744529134481410
539329700926341120
583321284165124000
624332778029613056
643185491148455936
975817773552201728
972511841019662336
975715845065322496
973500024842784768
623211569946722304
467401159674974209
576830618098647040
975379774637035520
460158052839460864
629323801529065000
646780558802944000
975768935474876416
975829313416245248
610844045099823104
975765803206365184
562379062522302464
587911527128240128
655493940091723776
610877977463783425
639707319446712320
627961486854504449
975767961389723648
974569762666708994
608749502892224512
974584034494992384
545152546785222656
666333217222447105
609076519202398000
973572225335988226
969302952505675778
428653894617423872
666307924076199936
973113243030949000
682428321339183104
969970982428569602
672147461759213000
664569817471574018
975734262346534912
402506483373715456
632089536617684992
975756588710539264
972878673371115523
661820771023605760
678921624335290370
630239225431068673
621787135067222016
484388432261971968
557976066166644738
974597712346845184
975795000993812480
969656875850616832
974785985920847872
634459442839453696
975753105001336832
974043201685385217
677945244298649601
670744398494347264
975038810126999553
671056562463621120
975753960140271617
467424008343138304
701860839561760769
975970876427554816
972495317882015000
580054682837626880
626745317657051136
975852104446365698
975837772173979650
974689434951147520
975777998044614657
643112635131666433
974824044716609536
651127061570912257
640968352459026432
972528121500110852
973972932270714880
641230947422208000
975792014691356672
461459549816623104
631378546527719424
628678031872294912
602228506009935872
682305610319310849
524428284978036736
975776149786767360
973114573678104000
975791441527169025
692463097169182720
975801385286545408
975308132418236416
688106636892753920
969101237927936000
677203117625221121
683735233745825792
545137148891258880
642444550083117056
975763327124197381
641686108049440772
974617076487815171
975544616974999552
446391535681433600
975774309959524352
974033392852455425
488039142946013184
649656689361354753
973535710341943296
662016274256568320
975793308332122112
625614442563305472
970398539636445184
975756619769372672
975310151082233000
462628715256889344
701848181991149570
976026702022365184
499318264233992196
602932473832591360
659860556845883394
975764212344553473
651310677886373888
972808898309771265
975754200637493248
976027988914470000
681561344332664833
975779211465166850
975788869865103360
605799905903247361
975781382407512065
975799935751917568
975817608946683904
618192224849948673
697530359882346496
449561045695483904
663068617379028994
677534723393064961
630871283484352512
971804188899467265
975841546141618176
482812801040543745
671061927469187073
502820278704279552
440453933765754880
552432371778453504
664848101266558980
968553283295031298
412846048059863040
975749281230487552
968576900225486848
643869809810243584
972547565106466000
972928490906537000
624357935074934784
975756955762511873
596437036908806144
975788391089475584
625710977460379648
973880249820893184
973521575403245570
667099241450496000
971706379395387392
559104820167323648
671051839119491072
968898204552040448
973843513925304325
974613899621421056
519978788067999747
643863828451708000
456125096592441344
408258249813532673
975752306020020225
680162936216793088
430448368931065856
974548836923318272
698268803491373060
653985158828290048
630117656448925697
976065069086855168
651807908527779840
678558378315161600
479673585372782592
609426783813935104
975289596476043264
470822043530051584
975754263778545664
975774288555970560
595694803909791744
685227511651938304
975802093469618182
975866335157735424
646092619311906816
575405252574318593
975748181530202112
975073641431031808
696818783504175109
975816070098452481
589865408095739000
631092621600006144
625734100641517568
974362290798645248
973666357287030786
974613724605624320
975770406564098048
975758981229576192
679310148406505473
616023921360564224
974260179280723968
452410004478640128
975739381167415296
518034314790182912
670027872480960513
975749300935430144
973897285963829249
451506935352025088
679435041856995329
974590717086633000
481155493432676352
605092181427253248
975816743485689856
545180350738341888
974269569878646785
594234315564851000
975789503989284865
462487680874713088
588456315883802624
649629161351442000
975222610450636801
481157970253082624
507657575618576387
667822367368806401
971149670130077000
669635168794255362
973579351282323461
580399361907122176
667826638428598273
681569008928337920
600070416414199808
974637831464333315
975133399798243329
975759059373711360
450921437315219456
975841838232895488
574906105219907584
976071658237825024
646047098903875590
973530841598095360
454937240204869632
552590780993662976
975781061300051968
671994389305118721
609439199092174848
969150438204461056
685210086638223360
973978077914116107
973506330949574657
592798087841771522
974040055869247489
974202648051240960
975777274502008832
677894341709447168
975758059049021440
681593505282699268
975867484770324480
975785906505441281
975804169088131073
974904720862130183
973410052940935170
972622489070325761
975760493565620000
660017088321429504
975837036392402944
670879079781019648
467394603474497536
670740221294694401
680862490180333568
975813067308138496
402193655500656000
639819408895016960
589840680928817153
620576050943262720
680352638140026880
445263903359258624
974050047120805000
654768880150142978
560831878861946882
975840554197151745
420938162936877058
969182117598060544
686645276245770240
974974698361622000
644617883524444160
663067175683547136
969305778761936896
520512300823089152
971412901759213568
668546836983119872
520603598196310016
573861972661432321
676900218055614464
974668518707879936
421042129465802752
975754869020688384
975770683220340742
975831091255939072
973206516286283786
673251809159417856
584665559347896320
430829203928276993
974526166760439809
654044654887944196
589868469937635328
580450888214548481
657670664405569536
974547282858094594
586993409262485504
450637178767298560
625053247221440512
662761410531860480
973317495955312640
670726548236992512
667829386721169408
568467922437480000
606565853782528000
974371372528033793
973786011569451000
677809973620011008
697529876497178625
570279506767945729
974727896752443393
672774011420614657
975744193288200192
520603380885241857
975399691654443008
608005109562396672
608018041423728640
649656361127702529
974542857825533952
632085055209349120
973610209254965248
975765702094278656
676518970283921408
587727987468070914
975734815663288323
601497005215653891
975746058474188801
975762534748819461
518494438147231744
597853178177134000
576158205878923265
415518428959485952
970390323695357953
646728675698868224
439144284252803073
586224867663556608
654043914899431424
674721271498809344
975759649906491393
582686207257214976
411662012528082944
683049879522914304
969150459809292289
976033482060296192
658315264350662656
437614499257126912
975758370199220225
654744078651817993
662016763018805248
975692646663499777
974723225052737536
570329188869152768
598096249229803000
615253309532807168
975750306792394000
975766741589659650
969320205133500416
973966948114534400
456066349639680000
609501855773818880
973697303088332805
975768486361423872
661960940141879296
695298291756572672
664152861530587136
975763625850916864
701125802474213376
624352610217271000
615988756596846592
972550611152621568
549586985007194112
974218678198816768
444908865680068608
975764095650664448
409137774407589000
586286365366685696
638041766541807617
587755731908218880
975742957620989952
975728276558811136
974194780354867200
966659492984303617
485472178490863618
664569849117585409
624347911342702000
604360314398855168
597079731138330626
558021403019329536
975947813912809000
972935992020750338
974632263672582144
970754144935006209
673124669495640064
562389645292732000
653472176864141312
678633965847191552
588421269629992960
605835023837593600
669950339563540481
973454168181694464
607291993077743616
972911089389273096
970388064509071360
570328364554145792
693193964300689408
443877083727818753
975854567584911361
400382967027347456
975749760744415237
400940898403377152
976003482904907776
551841329177956352
492089058429255680
975748616995377154
562367687163383809
492754405763317760
973495373393260546
972443139700150272
631043819623084032
975765186622689280
602223432856641000
973531733248405507
634413519740502016
972530264630022145
409253337880870912
531202246126895106
670743610141339649
975793257560072193
975757419891576832
624339405919133696
975863677336342000
645290386588631000
975466545303441410
975667358378463232
673960472757018624
976052874840018951
671045229663920128
620362846858276864
976064837846478854
653475170561167360
675068083686514692
605801878027239425
974245743614660611
627201108813987841
644616251105484800
975784067068317697
648971204263563264
974371481932173313
975026070696218625
407084730798968832
625735103768080384
676786549745405953
671048165655756800
654393478760263680
586484643173638144
973242075910168577
974697558848126977
972939362345390080
699643486165934082
644611496010498000
971845483722412033
480419861420834816
610196415139155968
974306481217654785
975771803737034752
975623609052991488
681559818214182912
639555192611061760
975462106475659264
975866689320640512
976025636207808512
672887276502966273
677175371800952833
974168170419322880
671429324617199619
467405862747652097
975086649179869000
702575242712059908
634639382553731073
648272313281085440
629367648485285888
692463261174865921
974765686458343426
975740137094213000
681936695995043845
573233989210791000
641017417997643776
975794026027929601
408225607810433024
691047178630995968
409316974842241024
641732903290994688
692439189665792000
973506040548548608
974713225731289096
975692925031116800
562339137538510848
974980325238591489
484388043361902592
975790753363513344
973642916731211777
513428664646914048
973744453658783749
974370723971125249
597838415116242944
668389465707175936
511965454902902784
685155561399259136
605362362133168128
975770183661969408
492031910823342080
975789051415547909
605108947813548032
638843200757739520
968570423855276033
582628308753518592
609501309235011584
666727982933766144
688095379838099456
975851721799938049
625340454050103296
975755837397495808
454702474180694017
640985726507712516
974253720589537280
971369781545897984
975368665347452929
971353047506063360
568116376042401792
642008048979062784
671069833115619328
975861123755970561
552611915013582848
670931382617702400
580049808838262784
974504541113610240
625733600265302017
597842950266159104
975753471122165760
552250612705132545
452952515068588032
974021740681678848
974952882800906241
580453433548881000
973645025845370880
972535078566944768
975813387258093569
975865651872108550
671006511611682817
641955110793383936
648430780797046000
975742723033587712
628671358646517762
975977237349531650
470577323809710080
676380900842713088
964505422249054209
973531480503791000
595022125217484800
425927092107497472
578292730276798464
975786053146742785
975733959408701445
485764539271905280
439095777248284673
967452548906045000
625781989824704516
634438421746982912
687374016043204608
653489149861871616
975757756224417792
679202765948723200
671703734272049152
613823637846650882
514464704006467584
974393972037750000
974366566056972288
975744584834797568
617100644713897984
973416235609350144
467403957221224448
973532107476754000
975782264473661440
681587962329567232
656046118590115840
618110159420678144
428490124473532417
570326838930571266
647061731852877826
973530360477900801
429538532559179776
672873776212783104
975109765352304640
659106994234765313
975625092691619840
972881788942069760
681566719832420352
974550132329869312
564551961710960642
681596353890381829
441928446424662016
682203975484071936
674326236445937664
606545544173907969
624341479809548288
670738305110163460
975361542404345856
973953645996802050
653562046458499073
696053860826226688
672851391099109377
641688707825836032
975746653704609793
674296306668544001
671987808320491521
469053014842433536
970070572033040384
975763452605149000
974523154289733632
702578619848253440
590535881997602817
974411856487092224
975772838241210369
484374505884622848
662007687534784512
970987271041282049
669634689280385024
975311805714231297
975782436528418816
973987926764859401
467407038684102656
625031968204435456
970340118677676032
975728400785604613
411869093269372928
975456723904409600
612356440787976193
581950941991190528
973982133005049857
971863658350415872
652557626539143169
407242526866038785
676454813094293504
968469025146769409
640982910531694593
605790288217407488
975080142233133057
975768510977671169
643848656202919936
975763413241647000
530131260581347328
488829384867201025
605829369085358080
419500532055961600
630419651592351744
975763746923663360
975961309039812608
400661060149342000
975739459869212000
565925625924706304
406695229744771072
975751680611450880
973981341942415365
644616716039913472
971055568231288832
974408834038059008
975743268226060288
624333534220668928
622845345962291200
630881863515668000
605058871795675136
639715269728993000
975735860023918000
463656198990864384
492020112011304961
600745539085340672
541570165557981184
686674536704684032
657684721720238080
683727950286569472
628676474745298944
677185500084625408
625060141696745472
460158393505021953
663160012878028800
679362951330062336
561643512081297408
399463115433451520
969260025905545216
974422884344061952
519790305717940225
610213659818754048
975785831259693056
519205511615754240
628680375745818624
543088722963869696
492070266781335552
973560541825380353
973931299399401473
974582881203949568
610169071783514112
671051061680087040
443832623727513000
975752800822005761
651127776292925441
627190539088199680
974397694977429504
971860942660268033
412969847270940672
399590610887507968
975791301714173954
975767967219748864
664911063868162048
671058680717189128
975756980865429504
701151331793444864
684462419087912966
488355662343442432
577525546579595264
975834356668358656
975780339644862466
667116403527458816
975257331993927681
682300141404073984
670688487050502145
974773949396652033
975506681340850176
966683832283000834
680423689507205121
975847971140128000
632920232751968256
974732882353840128
973253978090819584
604068596919193600
976041135809482752
974345351334375424
975793756522844160
965222980065382400
975763455725666304
973972314219040769
667024599620714496
973924547501199362
446364907915583000
975378946035462000
655488773019537412
685190367369641986
544957090138451000
975859483128860672
970019501084495873
581161994440560641
526045537876074496
971019161521545216
651863131220799492
604332423325847552
589177345052835840
616741370632536064
973292014577111040
502483011859152000
587706619313709057
975652434948378624
406093425109655552
412659742117732352
975114524830429186
539539191840129024
976003592820871168
972865871369654273
625043635025920000
664565258086981638
664146477745364992
973263466520866817
481432008166735872
672833611515731968
974921104602095616
423942928793600001
592074432841125888
619432768200646656
975746802350780416
975731709940518913
969219857706373120
970008766145073153
667836415405916160
670692237672652802
615558807935127552
968642647576469504
605098621055418369
652202265227489280
678707487084818432
607925587064311809
563050324731387904
646034634212515841
536752494555435008
567383534273593344
630091617974775808
974392101772423168
968914838528446464
661222945260441601
971062349141610496
504609771232952320
975816293248065536
971085774371377152
604400934366638081
974356149834264576
649653098856751104
974019870861025281
670726705946980355
579041357639118848
612286321139257344
973555200316399616
965227805251383298
687319758769893376
578285203975745537
975756936355467265
975740914835574785
667822437564706816
651162231007109121
975749130671853569
591921726897913858
669237476897243137
975802654667526144
975750174407643136
976018133432619009
975746840527286000
462671127996030976
672153931510915072
653471910483918848
975760119584747521
608035123083268096
602177490430369792
640962376502767616
975974411101753344
581770800283414529
602228912425476096
631526545044209664
648899232297000960
975741668384231425
647539817811693568
671005184932323328
975774032326004736
975800850504445952
974560626843553792
658378729484365824
659135732406222848
975741145102868481
971115865855938561
598555014995513344
975728569916719104
976012186182193152
674666355963097088
630420944515932000
975814135895216135
567339914627645441
973651379691585537
964615235465351168
506681221376925696
975765205341954050
975781093680013312
568125003419537408
686634221658615809
693139243976245249
702556946621186000
975783377331802112
975372179574534144
641027307893878784
591278566417047553
623891489408581632
972765833532465152
975785500626898944
672144017480634368
537172238970392576
580865545974730753
564519882348576769
601475143702073344
589137737472679936
702536843716337664
576884101082394624
580453500192206849
973250429168635904
670723631035584512
530479458411888640
975730763269332000
964588122855141378
974567492956884992
580412307836137474
671836240703037441
975760894645895168
972505936681193473
653547485890220032
490260923110920192
572472220842369024
640961983781675009
616735989063655424
564474156771995649
680112592824721410
975745568520753153
975776078550749184
411870439062122496
970399821667491840
593495203408965632
975761824741281792
974954231751786497
975882134241103872
579752235736891392
658329879784632321
973536791285379072
632263118182350848
975951305557577728
643859663306493953
667821575597461504
511536658798612480
974576738935234560
975745607745921025
659047911435714560
482619584936411136
967489651459149825
975744443310624769
672834305199067137
974637993037361152
616746026087677953
610159687582019585
975809814331830279
691761671761739778
976050537497022464
975824574934933510
608680499024920576
411868702016307200
972949929823006720
681571442786439000
973628651500687361
970435109496160257
605122401190457345
694625981395537920
685126947173711872
974651277866098689
672195345460404233
975864909916450816
682303373220118528
700412957671481344
660598652466012160
974408766786588673
975779831882362885
415612612685352960
608728608220311000
449301240308961280
972541949000474624
624361465898737664
973623329125957633
640976033550860000
975756868734869000
975766943402774528
643180852277547008
681534684199796738
974990668346150912
620358577723719681
625028492640546817
976028181743505409
975806595178385408
975769442314571776
570327636905308161
519174262465523712
671066387968860162
688839431118295040
970759060315426818
686624168541052928
975851066066599937
608751006306988033
975738305290620928
976008763747561472
514830499307868160
971658775714287616
653345528546230272
975822059329728513
625032729386725376
618895684436160512
677915867917721600
466684984540278786
446367082205433856
975787385521926000
975743472652210177
975773354752991232
976054423544893440
975655235388571000