974350576107638785
453839067960971264
604383495562092544
626723331522306048
625032464461897728
571037844820631554
452097217189249024
975793736960692224
525687261808295937
975376177744502784
566922519190720513
968930823377510401
414513924076105728
584468479396421632
526788083086557184
599296405170159616
620293830168940544
613092106819604481
542087621787541504
664813069382639616
976002235359522817
415602272211849216
973979266244325378
464776135424110592
974662125577818114
519066413005553664
662042202575642624
976039885755895808
663328992372609024
543681873374105600
973220540528947200
975252315971227648
612351232175394816
669799695741534208
567441332705456128
466563219063328769
974703693844176902
680106789241765888
619671754970136576
468241981177868288
414343599833088000
968809761323016192
622471703814369280
975749548671930368
571271411668525056
664755600925065216
569472770175860736
403517030147842049
632101498848153600
621097094108041220
434918549690515456
574920472883818497
512756482572443649
624356757729636353
583226947729248256
590900380545851392
589883539585368064
433709711368523776
635159297471705088
666597471301300224
968604868222111744
974669155730382848
971724425174405120
631581794807205888
573550403389931521
648941828776022016
972777562454753000
965943103348789248
460449327907762178
543855671696166912
631587070239186944
975824222365855749
975698012692467000
564505588894543872
515979802415988737
464758139766988800
466653981285314560
563808104987770880
974163249255116800
484429278332071936
589139415068442624
537287307947421696
508558573287514112
547500235682217985
466714075402354688
659033410921480192
650406657650991104
973250333907607552
653489920879804416
587634960674250753
626764912728129000
546047354915553281
594978293352378368
439163917236195328
405055431237566465
524224156884553728
508605066845380608
476022536166457344
485755474252673024
445235821567033345
670751135939108864
974368144251899906
502484980036296704
571569676884578304
513206099911380993
464775146629505024
398843068662554624
540543157491216385
975990117444849665
656927377071538176
974296465802702848
974014678006411265
974251866442944514
551131475790553088
691744750219714561
523065260715311104
652427230178615000
544942341757620225
975987621645242369
440852227586936832
973476509917876224
597117104668696576
626491349928443905
576366002159644672
576125781887315970
503570841435897000
442580888355110912
669981822198161408
648489454747975680
603966163949907969
479661215866953729
484343930184826880
615857040385253376
594211214366003200
645226128270077953
625017355349938176
624367262980538369
632969625484046337
968824244800032770
974346061698433025
595306065216065537
634843860246634000
618916063489720320
560760330184589313
691685524386480129
650430300707799040
614527546080821249
572692791802904576
689497255280152576
973823311758200833
654015351915683841
423183886512693249
975059648633032000
420858177416990720
454518454784380928
504261196258631680
975874440629309442
594932673816174593
655693189916053504
681545691919953920
666336291878019073
700402514529816577
525416791636733952
424203347617271809
497062955083911169
596317752392077312
571060677542072320
680104881114497025
581164688853045248
974260663794262000
972825371157680128
972792093746843649
614540796130410497
444479090620260352
575022688646922243
614573957073780736
968600883234779000
445324275869032450
543019157772832768
564442403277651969
596274013044867073
972815424021782528
975734749611417600
615244946208071680
975142031759695872
625782087325454337
966776603631079424
971286470278381569
974014005764395009
597468282506113024
421038287776530000
964512361930543105
512756521805950978
663371863645691905
589828120741556226
970318158090461184
620354038312357888
586446887592443905
520501841155878000
668489858738987008
467422804108148737
611675458673885186
973525057325666304
466565515474108416
692467094982692864
620378977060962304
652426219410059264
976027481735139329
624351817053417472
597479550419935232
446418465260576768
975316657550786560
446276368616001536
681590029853028353
543670664797106176
426334774131974000
629387509760311296
551021325834539008
969682981584625000
423880767635066880
654375510567428096
565914893225033729
680100680451883000
660217415406632960
569622136006021121
492019308097441792
573212403921510400
505247002977136640
975840358465724416
972593348283428865
466586975395663873
657684088971743232
556438288450732032
442090791784427000
580446953240203000
969706310727028736
623899355569913857
975412814906036224
673598144773529600
640937179808722944
627913848968843264
975817832394084352
571415925553025024
625033340589088768
541935410369548288
629358455795634176
637402684811800576
974385449845260288
614555650681651200
974914881563627520
412892940714147840
564487515915444224
975022084517695488
458670435811733505
971833363894947840
565975100931862000
675696289032613888
614866242751602688
543079428914692096
461061415126958080
442058496310509568
972866109287424002
974275513723375616
633045626293514244
603680893245517824
460312734945779712
971271581090635777
541554879253446657
467406406300475392
594055855001227264
618855573669433344
677998127077564416
974218879252815873
587008618106597377
415506881390837760
620361786555035648
973392850976112640
539923906337861632
968527552703852544
636120679792922625
615606890651885568
600990999775707136
467415099347435520
539411352226627585
680078627489345537
586570021180170242
561630277076664320
534410026778361856
674334692112470016
667051758477250561
562343289505202176
449212091166384129
454520210356453376
689515846058807297
579773437280931840
696029391466471425
657284364829593600
594942864397836289
406802492190490624
448942081013477377
508245123575349249
664918285062905856
544958688021475328
567454420829749000
588085713385689088
646309568985870336
974003325967519744
405747905405157376
975693515270258688
506714051968503809
973476181407404032
462565443816144897
644559653720981504
573936142065643521
568402381798572032
972485167729250309
629351590361726976
576345038021595136
581777652408803328
974607877167112192
640982154655178752
443665571411148800
623469915148812288
403194149333368832
699633774640963584
645244832902987777
453466482266341376
969312518496772096
624344743976247297
973596318487674880
671767149027921920
975619680181280768
525678937632800770
475174458748334000
969314416419397632
975043481352712192
590400496130777088
473759749117607936
598515863642382336
702594449843560448
440540247508910081
515489991011893248
643484839119843328
554625828206964736
970003550746050560
416571182239203328
469478413536088064
651807404338900993
608752546451214336
657801998478221312
624333238253785088
970607487547265024
973957776778186754
526113263625703000
579268617272995840
402103601482694656
970597227117850624
546266415704313857
654660884904546305
408199723019821056
974036116662837249
666328430380777000
618727030528589825
587513442145275904
606100314295554049
975757502649438208
577454317059194880
449204027541446656
474156201325113344
527728882443898880
586274186135531522
575204528791773184
974233128612098000
576172300174798848
584766720717488128
652489420524748800
581963086602604544
540784809082384384
443677818355187712
540611006360481793
677746508394008576
672106800494325760
972837759856635904
630356791407312896
582906742113173504
624342736745943040
576830179001176064
509664182006857728
523106467487170560
435020038873964545
975077337464213504
573230750264250368
408263397696761856
576880927680409600
443813724789698560
674296582720876549
653523414444077056
974031798878527491
664833777366138880
685861158201458688
667760586755698688
559800506827440128
563825551568564000
561080471606800384
973067850092089346
973838786474979000
975854647868051456
596212093877166080
611850384026546176
523099088494280705
695276893461819392
468275312791678976
578284285326716928
667031126708473856
585199832588910592
974013276244803585
612557723067097089
615999672423985152
594243901755682817
968930835574546432
452163431408611328
677802947061923844
457212876571549696
495716894247493632
974033972706643969
974352742658531330
414305775021211648
523056006876921856
589895853202132992
585177263727112194
675408390781300736
576337697922494464
974160844220239000
972640541975498752
624354947971346432
555041820938633216
574710316455567360
604343745132253184
583377795432235009
446321788008824833
599291819692785666
970787821656166400
966716269155233799
686694740075614208
670741464339644417
673885129857753088
588388821487747072
563799370693632000
444874261514420224
975966318657703936
666164748841521152
631565618660118529
662718156113231872
631364265409163264
556771591351459840
966629875971969026
975836688772722690
460470364150448128
521437956239003648
692459209905082369
672173020069412864
551721636886769665
432126319355518977
641689487341420545
595675603669483520
975325920369303552
974736164073730049
969519915307798529
513973041916035072
527173681769107457
511460723877478400
421391021915013120
494577438563651586
972817253308694529
523061620072013824
562669598492073987
668242044985438208
676396213336481792
514192685100716033
579723765912850000
622535672126156800
594796803062632448
640976109845237760
573140399281315840
527415345905414144
975840906480898049
579062330706796545
973539462851584002
969814932433899520
609282876413247488
532568253751898000
444454218288857089
973829746235707393
562376396090396673
431722467485569000
973873028160475136
971491324884127745
476073425837236224
653478035828699136
607162258783879168
673604234781306880
439324359380180992
602432759240491008
685889200445632513
600002199515725824
535365040619393024
413263788482514944
620521954672513024
664177214724947968
688044264568287233
974537731333267456
547492107242721280
675595492873629696
547433431592759296
534741422180950016
586504592847986688
632108619379699713
608762019492339712
408891015266041856
648973511789289472
975068813275299840
973180012961681409
973683366649323520
541598527580012544
611623390592507904
701870579402596355
602939556007120898
569278795955511298
410035949784297472
570295966869409792
624328035521564672
464861222085857280
400548340347064000
671726767548272641
972856343064383489
688120417941237761
685895143195553792
572426717266092034
635152287489490944
635175887185551360
469105739005710336
625395924118978561
522994162694897664
468268821049274368
973446854372405253
590606009946767360
971018987785003009
649670230495657984
543749115084308480
399055255985741824
611923610190675973
542684629942431744
617408013494845440
431174280005824512
511554344911900673
971484537904619521
586137824489033728
414509739838418944
646372900782665728
540781786557841408
975143094613151744
534826061213995009
668482833925718019
563026880690143232
653547945334308864
685123767379562496
975780340202721282
968959991695790080
596373190437380096
586105874176942080
634456172305743872
974627920529551360
975542698894557184
671402834236203008
624355915551100929
653473456688865280
406081243537616896
615982341379518464
444957715803426816
408873343534653440
528646708918779904
973265176475693057
615879005988913152
598629939861159936
974263296055545856
584422205968281601
439410288736358000
975823219797217280
469173313953349632
652893530558439424
975426854638276613
466565753060478976
624356589735149000
972767079962173440
547498915507879937
975437154888364032
624333770343206912
597871132721684483
633257821589647360
603879429530615808
972749309707018240
573969002436886528
467401726791008256
974609689810997249
653338658792173568
620327741171363840
630770559085867008
972906262944940032
600947273669959680
973150097973370880
550639426943328256
975468916838412290
675687833022111744
975834774026809349
440279039362613000
966722316565655000
523073768001142784
972979610777542657
971116488957546496
406677959240851456
693130477121724416
653486041425444864
464729540557041664
654659327257522176
659355237938044929
696775488702959616
669232074356858882
644576727130357760
611676488434327552
971304398302347265
659043610533449728
584042073071955971
516169907504156672
566242384204562432
439149287478673408
466571006971494400
974762502570610688
571653326422581248
600707765229740032
544946434374901760
445229472707391488
975274817866928129
596366871009632257
654551019389648896
580277949754159104
639125722666246144
630767656669474821
975687784966049792
502526559006511104
667455892934295553
690318714911199000
570331129326145537
672877851520188416
673220531991244800
974931070939484160
654391858286755840
452379765367140352
414465565520965632
411795513080438000
968794402972979203
470663137658961920
595297007293616128
455727099069091840
974989282191519744
661783925472288768
581173703200935936
970216570013278208
402568312543928321
633045566767894529
974153830328930304
595656173166174000
576140640121159680
419906766915129344
522351459586023425
589272106136784897
575329972597972992
563825636733505536
974317485733314561
973038734865321985
624360682851565568
493075578270916608
597840812949565440
671708897854496768
676445743599742977
447012824251125760
628626565111369728
438006000717922304
442269102078701000
487185207708381184
974416579583758338
971264922456854528
610179222854848512
572503735836016641
433315709146259456
633542725015601152
403519380987719682
973201996537835521
974073922114195000
696730115514966016
592777091134976000
625029335175557120
603669575721492480
408270594665230336
598521599730569217
602794438746873000
578324599319957505
440811347266129922
437839873408770048
974363634930536450
664872914928406528
975145689058603008
460121510116864001
460518008301961217
975073426409967617
654355514655133696
443515647327477761
538016846755401729
974285176808361984
602944667076927000
972939735671955456
974936310170509314
603517015274303488
419578043032559616
400774631927205888
695282367506837504
669938882520162304
681951376600088576
620309047770787840
677536509340295168
971134268071120896
584130544893616128
433856539397328896
974218223158784001
509348669943197696
964495711600562176
486521053666344960
671465738675310592
616665266869665792
492046986032742401
638079830412656640
672853684510990336
436305982981812224
400570646909825000
442307229593911000
414043758230245376
973515072235622401
582625515518889984
974152789290045440
522030564636123137
593801614059827200
568831970551181312
615609488247230464
654779427776163841
404553408050257923
627927957659586560
965910310786826240
611920032650686464
676502538238205952
671029581189677056
467967481722961000
522450122211622912
648946303548948480
553522007867158528
589856581401112576
669987556856066048
973512931848675329
656220054690902016
661220804122828800
967481693400715264
576406990571847680
543709121850400768
502493690548731904
971761744199733255
572441281827356672
527818446495809536
687408804405862400
681826801509871616
702568933753225216
625075538886049792
679445271135256576
562913578223951873
615866260736344064
519079689218830337
460197261965008896
973800228582289408
479325113431498753
440903131832938496
692400924753575936
585200484463599000
631515183471591424
653471196135165953
415563602536710144
439109352038092800
967518226270781442
597843368987774977
614499180845891584
643743464346267648
975745721134665728
603939899998351361
465841203846848512
970676286287949000
638080339546611712
402091671888089088
615299058463285248
543085536865689600
685220948920905728
702540541985230848
586489001357533184
443679638947377152
974690496739233793
443841369728385024
472446331429330944
974354266612740096
972549541248593921
973886018523942912
625055430276972544
400350082723512321
975369358754099200
973485234258956288
546665671632097281
645358750119817216
667448341232549889
970633100601577472
492012924291276802
975805539941789000
588398283074248704
523059858023927808
973984763794116000
405989395729117185
398906874592256001
542012187523706880
974547531232198657
692427625948672001
581170318737297408
975733821957181441
406893243024957440
965949643032088579
476289877638922240
425897843132342273
536660380068904960
629376161253052416
602927506216394753
596242477390127105
674361162524397569
974253116932722688
567068856372707328
607634069015425024
443677389613449216
455085283516878848
581184928727072768
549512650338861057
651825408556552192
628705020524011520
659876881366425600
475755107087581184
975986267535101953
523074616609505280
604310323798089728
973877425632415744
403524423845945344
590611208388108289
654654430827032576
437880804073431040
602066467933196288
517282140875419648
589891266013491200
512489436127715328
586132765617315840
975230180410130432
442270130807267329
452379684907778048
558741825465614336
674661058234089472
492814586421473282
675418427734016000
593508982213378048
969689980401586178
975980082492858368
416298917660082176
460029436386377729
973848555357171712
412951507735048194
594961990327631873
590630885839478789
405063788400889856
593400034319798272
653970992017051000
974494237583708160
581500780269686784
974731020770709000
641128422350188544
468072928513638000
548560573236277248
492995175250026496
974203379835658240
618892443698765829
972817327615107000
581242468856909824
696783873645088769
552431751545749506
549685523728855040
975985722997071872
625771482497589248
659079912867938308
975276642649214976
502488515012489216
969282353230241792
576828044775673857
522999993805058048
429221226796445697
662729554247577600
629390400571113472
516923334119161856
685921221351968768
648362466649505792
444840106755907585
576860815422308352
624328116308082688
973922008399581185
606505655663525888
680089791996768260
587720520373817344
606757016644763648
497460702324334592
644881168710635520
635838979078754308
467401676903952384
974094110738001922
466573856170602496
427305555758432256
543118815358631938
564668745868914688
610187052106121217
606553770961436672
626708814293811200
435497606798929920
589825755535781889
603608679959678976
506759333418651648
463660175404986369
456082937285337088
598443076462485504
573080897735540736
416299618700259328
644058081895272448
598431807374241792
608035536578740224
495163717613793280
519860328457596929
566225661992656896
969614550990540800
539906613235417090
973249836358172677
975228093941108736
656365489552277504
608024563524505600
410390234472267776
454517108341473280
975763504287371264
681552325207552005
467404993843453952
686672387115499520
587664306940022784
401082266174382080
423010350561103000
595122814547578882
454930580941975552
506543066266996737
414190562292420000
970645486402179072
975217160401321984
974881885812940800
467401735313833000
603534454796263424
467407930296643586
580806720924069000
659984326105411585
975751998506196993
562381023598481408
615991522547396608
482659469076496384
972646096102141953
975759333786030080
588402270238281728
971733267731927041
590931743768707072
503570842442539008
586499248985870336
428782013722554368
615229784994488320
439338656672018432
483610496302862337
625760113958232064
694639133155803136
974312973023039489
624352201075462145
420666123915640832
573412558562066432
969249606101078022
640282354548887552
663244945470431232
975741336853893120
668049504084598784
973811457837207553
408268768251371521
568733140736450560
661233436120731648
424569729693384705
677171588048011264
610156152907800576
654701753628102656
673618614826762240
648900171603046400
412650775027122176
661609223940386816
610363729910308865
544929923593666562
599231650929717249
629403186898403331
666320092997750784
602492701351763968
624333565636005889
650381767812214784
664887726727122944
976073726918873090
406795312804536320
605099044512366593
622540007501398016
545171184791601152
538067115539189761
588433265570250753
571224626979868672
513350944588062720
965220844531265536
639499533492322304
973767711116406784
615891892643999744
495268633527189506
585498747766972417
411597058236506112
468097232798253056
651854973144272897
503570842107011072
525614658011803649
624322470531612672
503570841368801281
576841052524535809
970789389109551107
627232139969495040
651097681742426112
975810133207941000
687352227300798464
455750626136559617
657646519089262597
650972537388728320
590613930457886720
547451228243120131
974179215192088576
973560078153535488
973451366592057345
625969713248628736
681849024639578112
466643812157497344
689582401081708544
974534376363970560
624333943538589696
655809053847900160
689530647761809409
446045906685947904
613816375581278210
973532810584711169
560498323090464768
436425164801454080
701095708808634369
651777469272457216
642444499445239808
701888939028832256
522041134261219330
654560057284280320
624363126939611136
466584684370329601
530444646993125376
974951921919422464
400269764922462208
581784035237724160
972563963086098435
674308477548896257
578338158191968256
442272475913945088
487961829927575552
633643254450401281
583410793711968256
411603789620469760
607285482133856256
506917235362119680
970754818246668297
562909378278617089
973581763346882566
482696668325117000
969273915175505921
975761693434408960
651126010314752000
660232979172745216
490157515725099009
600928787858124800
974308399407038464
597853967100583936
435442895773253632
598184584367378432
573544884038209539
417675616163352576
672749469990023168
626533662977323008
613835918068318000
662707414530170880
570303625169387520
685903648568832000
975033188262260737
974168790329184256
701124470057127936
616710852700340224
466651592272642048
596401882303692800
577467050622382080
639703796541558784
679351157148540929
974195780549570560
565052175903375360
444956190997766144
638033523182596097
481355602870812672
675692217038708736
473757172829270016
970394178625638400
695317866338455553
971030636243902464
482911704515641345
552327593715044352
643523535927910400
638775325174968320
559051791456014336
561613248207020032
658215091213570048
541663067986468864
577761097706573825
974745293399916547
974400393840119808
653484237161660416
613824344775634948
669224265795899392
555015737488965633
974350006839689216
492764343063576576
975931900924743680
415404961594220544
972423358120910848
468464923945611266
615707132848160768
476780558383874048
651888853985398784
966733271647342592
403564764023906305
626462902766170112
416317718485553152
488779811142516736
659867492819582976
597900853039767552
571608993845653504
659862476096462848
519782311727214592
584021152831561730
574959294854074368
666351254625492992
607298494194446336
573559805945724928
403416627204468736
625078881104580608
446296231296659457
465826680784060416
560903274317250560
648605753591365632
667637003811426307
523072456492597000
612379399544041472
666224212751724544
461414712341987330
630806167577604000
651128621495513088
598466912331440000
643680368911101952
614826073612754944
536824386008145920
682311697248436226
617271556750876672
525923820448653312
641726877082755072
976006788628787201
633694505292709889
618196723299708929
973458296567889920
975472756908331000
479317262332329984
965315506541682688
466575201141268480
484367092935049000
597910643287687000
599261387278389248
537125572984705024
576158939907227648
671704531747643392
975819782942490624
974294663015358465
975977601113247744
501293921591656448
518879668829954048
682297651795243008
974968150604337152
559099423805145000
663456976169496578
623973097629220000
435442448031313921
974540391054589953
673234430866137088
624360153954013000
609464506343948288
973900709656702977
973893208001400833
964630568276242432
973290252885520389
466568905591238656
968899671212150784
974191800134103040
460031638748291072
515853426098307073
974352226000031751
525518262675988480
532774516473462784
654545377841008640
681781788964950016
975695603488509953
448061890275852288
972790627820859393
971804413793914880
645713538598572032
632601369422241793
567306263177216000
973260078198460417
973557063946309633
971058320571355137
646081310549782528
600013370566250497
971861211989053446
424077047296585728
534664724349452289
446303506253619000
532840969432203264
466614414502678528
974349266708725764
416509017481961473
620319577914888192
597499103053008896
680346129884655617
443793107201826816
602194809961521152
973871189771931648
975432040391806976
481138345108865024
637354612895404032
573559604614946816
449159857988718592
544239839261245440
485865087648137216
415428524523012096
506755545303621633
964472692333309952
588032136835399681
698272539018190849
644620427944439808
545153093022019000
536884317440704513
540499549929095168
680854877061394432
621787142906359808
663390291651596000
450946342672936000
562946727570046976
667814454474620928
970313964914708480
974003914776481792
496952851420442624
398842467430039552
399517664910917632
523061770471370752
621820875373985792
434073041778114561
566652233501380608
590564009839067136
613055803004690436
614843504011923456
973480236745658368
633672721524764672
581769932796518400
975143049486589952
968923561946767360
586106844898136064
466580429290889216
666401891249704960
974006861128241154
590629896063471616
648490449787875328
523068043451445250
449248057717448705
975855457989529600
584254209375281152
681593558202191873
446308295888756738
543763636704247808
971768306058264577
646054757648461824
467403690354028545
578558016397688832
967497536104738817
974260317726195712
523067744783454208
619612312417210368
625969191942815744
973595421472886784
975758917056847000
481047959107563520
586098162525417472
648554436248383488
974162030000332800
972483044077654017
502786164374638592
576485187523108864
664851591799963649
443676404732137000
417777676360097793
542703238215376896
408914022189113344
685951741888708608
606727848498495488
656938588702142464
967472422491512832
550249835895750656
624356244233560064
974208234776080384
973985725250142208
468119058291109888
974707851070492672
975478278109777920
974262788695711745
974196437398540290
539694922337886208
580386466007760896
525352004932366336
406120512889167872
657692850000367616
405948713434357760
624346482599137280
681543063127261184
974316121229873000
653267646713040896
483178546408734720
975323365258022912
691010608066609152
975785101056409602
973953402601385985
974215947337850880
610500388471590912
626013071555870722
441698815666843648
973174150067052550
416300837624098816
972488038319316994
672847032067977216
444418335980417024
562294362936463363
973721298395385856
662709776250494976
650400573913739264
973648584141889537
466569820125679617
590795578856050689
602375925272059904
974389493875830785
967525619528593408
669872165127364609
469354624219361280
524612121657876480
524077860114677760
497460706002731008
495547803469623298
590557993508458496
474282005677752323
400317274349117440
549635789035147265
615982686902087680
497038962637418496
443698809672310784
632585202058043392
973522116145569793
492792665755639809
571573803626721281
593874036452622337
492090794837557249
586211529927831552
573925834467250176
973488848964595712
681551989113765888
656498063406567424
973141284545327104
597393183513841664
537185558070824960
597839056798654464
972547728646516736
964509648379437061
973922693157474304
694667537754279937
570216677838864384
973281555027316736
973567801930764289
610730348939505665
974668808786006017
522995008396607488
653245722364641280
497113546355130368
681614617899089921
975716993558040576
598131837546795000
614392621054734336
974766032836550656
641521476122869760
571735464819863552
674583265043488768
613078249900523520
973524024264396800
638768137236795393
969882855328374784
975744875873398789
644087866709143552
689453165213671426
618849029972197376
644204937690382337
467408796424609794
534674194475134976
672777500041322496
413966109696884736
976060499879219200
624330631091130368
504953196012666881
971340264177635328
648646634910412800
586589795217997824
464069777020182528
573511898324471808
677963967214575617
618169820337598465
654684491282165760
581176654376148000
501282092181749760
404549451769192448
972818298772639745
967489832917327872
619430063696650240
594198804099903488
976041363342004225
592752263627702272
467423359102644000
650369051533910017
974528874452197378
492032099797696512
596425679983489024
478159878620729344
456161594511081472
443788220682477568
676433307563900928
660236163110805504
636638691365113856
465945567705989120
973501226347352065
451034469232029697
587521172054605824
624342776411484160
419836509521735680
523071808841715713
571032341155618816
443424842931781632
602735065160916994
579210404842348544
702584591094259712
616697215403208704
624358571250204672
564853964274167809
964434093164331008
974314084173795000
975796871900917760
621347046251999234
476016430107078656
523069218645090304
673050430746832896
653559314460839936
973975994074837006
975021823296458753
635120281368043520
975023602935443456
446324835971792897
973933547722625030
651057936433868800
419498283547910144
502484218329710592
674603317025218560
670018653501448000
658358633613402112
969452590151987200
465892615905632256
972946355491627009
972540491005915136
596229117290373120
571381615823364096
581211394659475456
638308938656665601
613106147327889408
654777835714801666
542843711013801984
975773805917458432
586996765003481088
687421507446927361
969117459897880576
651066389927739393
610189792681144320
534708887115792384
551423638831120384
970027718929723392
974114144399122432
971801232099692545
634411945597247488
641130085840502784
974332071412977664
624352416058744832
542050395606896640
408024540749762562
974512817083576321
644056779610062848
587693440164634624
589026182722551809
597861904556683264
643182358426988544
615989222525243396
529319187039387648
595129238208000000
411926652034093056
680383739797606402
648959534317346000
648540097349054464
596318938474110977
535365296258027521
602251562438807552
654644591627472896
601839009480990000
570359260942446592
582625516089307137
526710264771932160
624354838172827648
577742427080900608
564908069398646784
485537529429757952
558743366268379136
657550388560793601
600018217017409536
427090758605090817
458507408676245504
439309927082098688
460416015772708864
972502072967991296
974179231553982464
625223590217125888
443868524868825088
419523447476080000
644623344709537792
968597727356575744
661311415442153472
575377302709731328
971811964400828416
974689809104031744
466580035223441408
415573668795002880
976067778179411968
599293971236528128
974186854194040000
574868503733235713
399173388943785984
413293529549791232
448850893115367424
509871651304275968
516925967038943233
414042835608801280
410056070930124800
543819994489188352
579312879297511424
973600405321076742
648955320002342912
637263810546507776
691656353996218371
445305152451649537
973933838949912576
439357689710518272
414118238185062400
513247441701715970
403522221106540544
541902158107779072
692463378762186753
682264229966118918
973099937964744705
653492156720652288
610857102177923075
598377924207730688
666597101145620480
974842510513197060
523054189065560064
676459505044078592
534704030736736256
677541959582511000
973869852237664257
618911840739926016
586281831407947776
482783295462465537
975356030396829000
597471345581109249
974560329790361601
610438662346682369
695298237603930112
457534637347065856
601010975941222400
561460355675979776
973587702296797186
497676278762196992
970360827617447936
974010464513511425
972602662939131906
965232403051700225
579940804598349825
516161123268435968
595684560702197762
675595718489456640
583222104566415360
442276548885102592
653471420610166784
649673938910453760
652581114050158592
974639001532542976
414471203558936577
428793755005509632
623510991100317696
619645198860222464
664740398200418304
615247714889150464
547376188294168576
616943194010451968
439146220851052544
631439429656256512
404724364815265793
970008802916433920
408253640299020288
438341358550810624
411804609003663360
582595247068344320
575273098309734401
617763357765054464
973501203576389632
523917897744523264
669626748603138050
638056470563672064
627944822410772481
568147538504769536
429307960578543616
598151606924869000
598391975860150272
968857752402649088
448928417199579136
973002654745088000
973673970926080000
507986523325599744
974363026437627904
605798813886857216
624356090592010240
975309673275559936
974020842656030000
656141164341534721
974785757738078208
538440092759916544
624361020686008320
580491353286713344
975436656718303233
970561341676191744
639536923858612224
975017315392741376
698210665496973313
581186424860442624
970269097845051392
626739151363284992
964437666010927104
624364531242921985
974619364367495168
594801037539684352
965324860951027712
630881182322958336
975966128928362497
618833476884766720
663073984737595392
520852250236051456
635906415358529538
663020481919000576
671478629746933760
581751727378063360
404723636742803000
627091283866222592
401108136150306816
558179490200055808
401022392245305344
398842560564580352
526722289522737152
506770307512672256
500944428765548544
969982946424901632
588389893182730241
527004722004492288
448043835273134080
587681021753167872
467392476097966000
971427630301007874
438260005561581568
467432153169805313
547487692100222976
415513322633453569
583250523652009984
676465813264666629
664165295968403456
524450255413477378
503570841461084161
662983565668392960
560187532294766593
628656957973471232
676419527018680320
654675636494036993
964498879252238336
440905319007678464
596426707143364608
540530984643747840
652117657953640448
484363851375591424
586416613441712128
585145440292753408
600774874072748032
632084663713050624
679037671914774530
423888372374204416
571032213803937792
585199832530198528
568182982332293120
971710160120025088
660168541941989376
648963808489287684
557204254486962176
614560929540345856
586055977490903040
696766611995410432
479270744225226753
592058274649919488
606014670579896000
577857530359095296
671751511156908000
442276203920375808
555096621508472832
597412862647246848
643680054057279488
468075315403952128
492065951920427008
975469543224233989
659829099532328960
460450836351823873
652546025996034049
674279847267463168
576838734886367233
595680984714055000
569589615713234944
594264690475343874
975777283230355456
635180289476661248
624333539862048768
470656926460968961
541904287715315000
669229587931467776
459085242419392514
968264205467029505
609491466218553344
454703085261422592
576857517654974000
625032514395086848
426467238455947264
973569126479421442
447029368519286784
585481988976574464
598516667287736320
974701730817560576
598412459213455360
664771852074680320
602231909335310337
601136824086568960
525928786190008321
615975872043028481
641655268745605120
582625515204276224
508223173125738496
581170669934800896
675802757782183936
571685609238089729
975089898028924929
468079623637831680
972864069870014464
404908859569238016
454867225397444608
545334470904393729
643515332204888064
590219654909583360
452156746497556480
623936800055275520
579750834386395137
969462360908947457
625795480514109440
587009374616428546
577460018473226240
565075209808773120
486551334381191168
586610390588620800
578575349732282370
595318310658547000
503570841364615168
974279635910430720
665648243120939008
653331176548139008
493817462946029568
603545626559799296
508111813192720384
498931862916825088
666604634090381312
635903523897634817
974324662808301568
539420456760377345
678655419158536192
605128021780144128
974751554711547911
671388933633216513
657626753683337216
972552005448339456
602120186829905920
542642750886543360
584066712108195840
543720001065467904
973936279451766784
439291369954484224
558944808027582466
503570842488672257
661992611448770560
975698103935422464
564541274259488000
975711498801762304
588390812809048064
536835913540968448
468073077847646208
539441839699660800
585199833108983808
467401501392908288
611864341718134784
649500994804555776
668520756809191424
975819338778316801
547541479993114624
589424775052845000
973259402953281536
595933189174075394
667682276424212480
653475041192079360
975235130804572160
638106339110187008
972741504522432514
523084593096708096
970529536751423488
600766652465225000
473899050589495299
649638061760999424
436756187015827456
972690577312673000
650006186041966592
436928140599107584
485533470677282816
530281988184625152
434075610172780544
417818377604694016
605856872046788000
608754965729955840
611920031128125441
975463822608732162
502551945652232193
974278472582549509
565139461802319873
457045124670054400
973303832800382983
463975498675007488
468140940813930497
974926793827340288
523055953512771584
971308642589954048
576358693517828096
610197354134831104
578893792578809856
968548102784286720
501383225940652032
443457994508890112
654353171515621376
595224769584353280
496385057876369408
618459339280543745
440618134395838464
519444462721069056
656170093454434304
660210896250253312
532441616116883457
440958350855897088
595260779114299393
974391225049546753
576419982768144385
538288358787915778
667794647675195392
457467031374553088
456077911041536000
527847994507673601
587584510012870656
673234447349731328
470816795323281408
466574886853689347
511499318956523520
401039461901152256
590535994434256896
975454492325007360
974014417317847041
445229039226060800
568778342108930048
655463919188889601
605998154241216513
969282701927821312
975765635908153345
649301602235498496
467391180872089602
680819568277848064
673877576503439361
975423389203607552
975758805035290625
586106167920893952
482657731677941000
695357047387197440
536901814508355584
653336772101976000
690986256906461184
468298502708400128
444574269033693185
973917597237465088
677204038052638721
453613239948279808
975112276175933440
625756079352348672
637539563162963968
975000371662868481
968262837826211841
604343429057896448
972846129397235712
671458928639795200
688796886841585664
535502402976514048
676492612879142912
508670266017603584
973665394128015360
573554852816642048
486516887904604160
640978644890984000
573179490815369218
639678969688657920
422712577345724416
523238611941359616
974053354212155397
443415115308609536
965275991894568962
576114204370948096
406147718634287104
413966698702962000
605830363273773057
693938936754864128
619642910858956800
408933208147771392
456827680382406656
975100694893072385
972785229202063360
652164062692818944
975434184838795265
499092002571829248
974269700480884737
596236722465288192
467412545792647168
637384696796696576
517373578627805185
514758208158961664
698968870774841344
693109325104021504
419911974949232640
538256955337605120
445234721170010112
688065904060575745
452485886190825472
595178799152680000
673229101650587648
410887241745965056
657640513844170752
964612478868082689
494849790920761345
597838154440318976
527863454565421056
530788486195216384
973806543903907840
585199832697999000
506530576753364992
645318907142627328
588415905668997120
975717115960463000
694668387172118528
579724282827247616
650377347225505792
678838007881990144
446290146796003000
549355359920734209
975365598711570434
644980501145645056
974017109171822592
974561493277528064
426500857291493376
602361936412545025
541975810757115906
571015486915416064
613837524532895744
659296600745975808
400721280644546560
592637176401235968
522361160570798081
502863804234203000
651102055503933449
570316047192068096
967481116587446273
673619621040230401
972730762398175232
970955371316695040
589170376619520001
642385065524244000
674129586209333248
558326611293249538
411811945545625601
975747622395940864
417780899565297664
455812888708788224
972816240145240064
408206341346697216
655825611160735744
563091169488666629
461087971307831297
594201274343628800
617474641922269185
670905963470266368
680336515424100352
666392455709855745
503570841209405440
499474472798531584
583385342427926529
654328509742063000
624355719224160261
676816997229965312
523048707735191552
571065909504311296
657631112450187264
576847822496120832
975885804319989000
543056777970196480
594204192698413058
675602588239273984
628609284897681409
627918352418271232
422449119118897152
523059848960016384
439372001585922000
972000068042543104
974442829664735234
598441748671680512
975742187588739072
968930876145926144
969625946343997441
599679092636659712
639784176921800708
680877415665676288
524277537099493376
973563117144862720
973659433506168832
971668043238723584
624333904502214661
696738600361324544
972825317617426432
459708270081343490
582643779485769728
618830040885653504
446297615119167488
511278059849527296
679430661489455104
405845240470585344
972533379861303297
669969972672765952
974415088852656130
971454004067815425
656221572898922496
687376653333479426
969689078089371648
433263251376574000
696745530907561984
661715037996851200
408194454915678208
974494577397784576
603823927903854592
553301755329794048
601100075666952000
971838349467095041
636588858877046000
971992835544072192
520516926041493504
602899179027980288
416591135520202752
656173334057623556
534059337077895168
680102162345652224
438105268707409920
515862035343900672
974417059990958080
495260398749515777
572514472365035520
692457683744624642
610192467124744193
973596220974354432
688787576896012290
532579481656262000
968484134808096769
610869271984504832
972901173358485504
578984398630043648
646773396806615044
519847452200148992
581181032587751424
630254308630626304
587479855094083585
422656267828469760
973204964813271041
694588999311233024
594209290484842496
520876254317137920
582671862729043969
446004901689049000
404527705997447168
446300921279283201
652527100906356736
559462540108103680
502483836710944768
466566680576294912
674560286939086848
562711797820821504
664128640939130880
578317286257369088
413396491882221568
592449840182857728
964510582010413058
602223719436591105
646772843896700930
639843544862212096
577153350451519488
653258963035795456
976018832027455490
652536299874832384
559277586212454400
419168895665053696
551999760333561856
529226314218487808
497183907805405184
669927492522778624
661966226403532801
467424620581502000
418449051835592704
667666766286495744
975089230211899393
970218885818585088
467408337567350785
652119521130610688
585199832765079552
643677459536302080
441683126285516801
415507219967266817
970402651820183552
655640480806498304
595955062305902592
660071496732274688
515564924152872960
434739044140867584
527438528553451521
463661119031103000
415468787219959808
974620491448274945
974584822055211008
537153142941831168
663419372598226000
532151486839787520
673594427596779525
581555557112389632
973947917450010624
693909314025701377
503570841553362944
644955333354496000
974322027929702400
579046759210561536
971495753238671362
463616452713406464
972421832899952641
678597048082538496
599311761716736000
665918874102030336
546155438300213248
572706864833699840
634401677228011520
567395774334795777
615904026736074752
623971316211822592
973202434171527169
464156673616408577
405638132227252224
609257357323972608
429649524953739264
579192644103991296
972550136713924608
964499616912769024
456012518054707201
571061141595693056
592773346166755328
544949877734912002
657271831729147905
443709770953158656
692413139397300224
971844515572183040
599522007559077888
414289570763923456
649624587865563136
974190343699738625
556564025375752192
402167746789900288
589897754400448514
674661337553874948
426430633720942593
649578915086868480
627883803206414340
465596851215806464
970352809395871744
585199833159348224
464731727009968128
975721763328987136
530492034214539264
622516060554686464
461115281218494464
621075211958530048
563088254237679616
633741577605640192
695285928340889601
640992489281859584
643676699511640064
532249976261582848
973182174856908000
473604160299208704
456089966272323584
543012430863818752
616713977909805056
610518517922836000
697535755728592896
974051860180021248
514458288671703041
976068551344783361
627908965855313920
973982367499960320
542771577306107905
619622462775525377
970687576536469514
469202912913391616
467410156515786752
500796578144075777
452090803473883000
574513301775892480
614571145669574656
702578445071556608
975952995782397953
627191748138278912
585552286023294976
534778340108795000
581199055814070273
972882339813609473
970604223716044801
416596094244499456
665576462611783680
970357388543975424
589135977580523522
630130529900343296
598224384399122432
970621357984833536
976024975000920064
594249102206103552
523067132473794562
604370695133487000
656872525796933632
544126966056890368
410215920615694336
506862846945533952
625713828114890756
975814368624562176
692454135493480452
624336335789293568
460148370498408448
524144688706908161
581211077578518529
576334622822383616
633680833287712768
559404885826109442
610201473906049024
503570841536577536
621783620240416768
974824273570385920
641616507634630656
499152850766036992
625018121552793600
597117408755752960
580804573788520448
678679770993983490
585525842874339328
562888470843367424
648940825645293568
597869377313230848
654386664576520193
968565195600736258
407881516392665088
624332896556466177
579760117794488320
589005462529413122
973946704943833090
446298903982641152
564552672603545603
692463411742007296
653489660228993024
481803997691785216
570306641863819000
975676794165657600
970332217762353152
659124170710740992
613362888359682048
408258219812069377
526052120806821888
674237831380918272
479284579074064384
617318214939332608
628643418802122752
634405743526023168
625078105170911234
973786719567958016
597853655031775233
544936907197915139
468078801441009664
624323282360102913
974368263693103105
974861979306348544
572526356254339072
664898797978435000
676427619575988224
525403061964242944
614571824567816192
628690990631677952
654326370458304512
968483509034737664
974701479771754497
416851854581301248
468123133082615809
504698063089577985
600788089095778305
559483293138427904
592835959080787973
573551971262676992
661997845646544896
525609306063122433
974222978690019329
618445774033174528
975099516021104000
631366339505033000
640999465080463362
964484592836194304
610804872716361728
659025469094895616
624355339668992000
974399714492928001
569063575639220224
584080714087399424
550997046355058688
580526048611307520
573554140665749504
631541953163849728
633649046008283000
544207709172535298
566312260008951808
973931825977544705
605056358476615681
577380100926259200
567376965561098240
410507335476338688
443688700636327936
974741687288385541
534645459936370688
660212134534582272
694669099226533888
573249842111238144
403587084352782336
667064169716404224
973986196010491905
466575694664048641
523096376780292096
634459735635398656
569563994844823553
964571687684583424
972788487870124032
468077738273034240
400854504088018944
617476695130550272
973754748141756000
667820603945062400
572421008205975552
971800373177405440
618153674758602753
460423124157087745
975096058933121026
974588689434243000
974391174285938690
602699423462858752
966791291974701000
541624224042192897
972773893017661440
658353096171593728
591896701994143744
684468201451819008
625588291417604096
587479855584772096
676779405021200384
581173660951658497
974403050059255809
581186619178426368
974377780891869184
975869663648387072
492087465964875000
638088254319915012
669939356954677248
599175866510368768
967486947135578112
974030076575666176
975414160648556549
696100006818934785
672183524426948609
481326883947429000
700423617272791040
590627881417629696
974698884294414338
464870194922668032
559476116432650243
438295483313053000
617449068894265344
545180840121352192
678487709355233280
621800532403953664
572398978203049984
974527635819659267
615220108961705985
582625516273844000
973192484980510721
970956648117399552
972693931493396483
974267040721666048
572396637328429057
511887482091503616
535728100345380864
515565228210536449
538404905808314368
570219498516709376
472369564635131904
517278004566036480
452090031898099712
426377623053139968
614867077518786560
600395524710227969
679379812725751808
404723986845552640
567405402934235136
438440273249845248
975980599184973824
653511025283735553
664830839231004672
975233759342669824
421373469541285888
975467795071819778
970143984541724674
969575309359149057
475358689520779265
594922133224038000
644913772176515073
593485323658731520
546247553575321600
405972126164717568
969153639649603584
664905619523137536
443438191442673664
462549115336138753
540799191136878592
522448893859340288
696078975995682816
414472412550668289
974101427839791105
402043768016089088
974403323209113000
975080816580681734
599262444318494720
610934677231243264
467400952299790336
576843482456809472
681581524920172545
522002536472281088
974212626531192832
575048571277471744
580461162246045697
654560358695350272
499225230997352448
550791052899393537
973406185683595264
590442667693236224
544928806499528704
968243385353072640
680307274187956224
971667706658336768
974185415270916096
596230988595867648
675770640247451648
463576364742737921
467409990442315776
524174534380113920
596392779200233472
525353307142115328
496223504191467520
403543553944465408
668540801790681088
662708998760628225
560209346370736128
629403521557737472
613822896016891904
971637195370004480
975132843042058240
506873172072079360
570324984276643840
552152043570601984
971847927969828866
535714797720195072
588425944731353088
585471888325005312
522007529057189888
522443420238094336
534712725407281153
410532908366327810
460152348573065216
579041805313933312
665638765906538496
651120997362327552
568129620014436352
974019759384743938
975660673014345729
685161049390247940
975747050074791940
402442979769843712
434019153272664000
617837984231084032
469388734052311040
520509190004277248
534657293422309377
570288047062970368
612314044461133824
611785206094172160
597849325390036992
479940097866235904
641158447967412224
530703966691401728
549687396888219648
623238875423600640
524600252134072000
973850664152502272
530993125523992576
558703820050792448
652116220485992448
975320572887478272
429611471828713472
975996595169824768
562306413322833920
429594324016578561
415404675446611968
975443126138568704
566878974165651456
523006794231472128
474089483328290816
646038469198880768
634496496122089477
600549277128073216
469162920128286720
975678454573223936
693180340727316481
975245388495060000
681588253242294273
976019181266243585
687409310117314562
545286490801340416
655537169147236352
503570842539024385
618398135879122945
973094519901212674
662698208750149632
659048149454069000
413366857630887937
414194464538632193
623259798583287808
974398099732000770
974193465004363776
435309957354098688
422497266654392320
662716094805749762
475121196569485312
416692687220510720
973289460451463168
589829411832233984
648260355374907396
606514264396984321
557992418143133000
535506487389745152
974415441224437761
643166882158280705
678900290683203584
654721815168749569
974984033653395456
640977362075676673
605064344628510720
697561188591394817
467405471922814977
624353338520432644
683033713542885376
521257669831954432
675296706167226368
515548862048899072
682298024043917313
972820898112827392
681901955422261249
674327151626309633
538345165677924352
516273874754101249
547416805455958016
535810583015464960
678689426495643654
605714995624734720
678874504614031360
553235797449908000
616898397774184448
594211780152401920
580849788016586753
564396908517797888
553608438543302656
624347205797838848
576855284829831169
683705733184094210
966631845617025024
598427556354912256
581169143015145473
461623529143013376
613564541784338432
588031836842000384
410755252694945793
968573879886151680
564387064264028160
594218414350163968
572473449731530752
595148003557662720
969105254343208960
586284391124598786
639394736088944640
543778902909665280
512990125257539584
973602846137561088
666390058832945153
975827653419773000
675054740326227968
527842795630100482
574675850475479040
973087800697507840
974435358015287296
574629990203064321
975827433399123968
440453121580756992
974764029674696706
648943190058381313
673576578459312128
622760889343705088
657641417842544640
439310047223754752
451284247551414000
683781535712047105
562381308106932225
522096593118724096
428244410057625600
656057730248130561
455074615266926592
613075813815201792
660214133858689024
972883618287714304
655414432936402944
545163543411453952
609090143853625344
598451271134220288
404730991606267904
652499861942763520
399245971819102208
659083945452118016
592365198645841920
409070907018448896
512945792903294977
407267472417779712
443662531102773000
415546484130459648
452818818906464256
701159106183303169
411830329549127681
668536236156563457
420952161246539776
563301940772470784
602215064716849152
638060401436020738
974065451151052800
651184897365704706
972545078832128001
973112683066281985
617758205427511296
654775992624398336
443663834998669312
583163882925125632
523060406525652992
681536244195672068
576825138546487297
975110585430966272
630828389025378306
568107285135921152
452947058002251776
617318709443579904
438263317963214848
647534661653151744
973786672906297344
440519691052666880
471957460979568640
974228365212307457
452209347679232000
593504112102113284
596365483546320896
615858199992868864
974343536672956416
685156568384581633
605423328451510272
697440301154201601
973072772086853632
426811023170215937
976043070558015488
685152121415688192
672916099969732609
975770533236281344
596404865053696001
585199832760881152
544121673424072704
538261415455625216
416654655532576768
461448278597705728
702553645288693760
581173218708439040
644117326749696000
641037125622874000
656901611868983296
436927852026798081
453795197949063168
975392909284409345
969987287307218948
687322205768777728
624330633054167040
647493776592781312
446344706466021377
974997103687733249
573959759163998209
970424806549213184
974475188908765184
654430133500157952
662002812453306369
622145650734575616
679377209950412805
570176140981239808
584853337616551938
586954706985082880
592699247176318000
583355253900349440
643179364046258177
664735946231980033
692474137789517824
442275242099363840
973997418088947719
575384563410731008
659026217153204225
624325762171011000
510880846661054464
974278826497888256
975162862023962624
485084657462284288
422374317620740096
973958549545127940
587621165994266624
447349805564825600
410884951031021568
584751034473512960
965919593192722432
610872854909988865
420923346558394368
595131102408417280
681901464734855169
428962014333906944
653334046555115520
594875386049241090
573239908183228417
625058352578625536
669274881071140000
499151315587854336
565254486219055104
974247975785586688
974138130692534272
655463433257795584
966041449518260229
440471991720890368
404354048440414208
502505483438419968
973090632859340800
618167850000384001
481051157444706304
416607429540208641
590437248971235328
406753400559124480
633715463562887170
443695044164595712
565274417031561219
610871812247920640
607319344910073856
511905254091550720
667034557468667000
970318852168044546
974269162259443717
440477095484215296
560162183552991233
569583490934697000
654548656738144256
667813245651054593
605797516102074000
689496795156725760
973654852285927424
560161560396824576
521329365062545408
581215930912501760
581179136187736064
974976654106877952
467399275270660096
683799792460382208
523062818644705280
441678936767229000
460499813318922240
975786091201654786
420964844461109248
696737191733673984
523071633607897089
973609416229621761
663042578196099076
589087359171428352
609106350447165440
663302536502317056
965996006499381250
632288941446701056
968938974747258880
974215062692007937
653493620734074880
483133168178823168
683051706205224960
589887548941557000
568462018375761920
440482654635700224
614547318914842000
650381816814268416
660214174459502592
586490926853398528
675595557516242944
621092472928739328
558703249012711424
973135607655534592
408211477971996672
648986138837950464
460917116498362000
974043193124716544
679005513745592320
696741935311093000
624333261838372866
473775137607929857
412899502446886912
975354273008635904
673579612002238464
643193771241414656
486770799140171776
573550093435060226
464820275214024704
484340659441401856
973560376683003904
616006516240420864
621794152796323840
414082666451849217
653481432703213000
597500216414228480
443508698615644161
441678411908804608
585199833184477184
975736089796403201
512500908937461760
975657565257457664
974368364557688832
563037386066919424
648213732565385216
652146582486298624
964496044720574466
446326670744879104
408193217604378624
964433372792541184
544061277526818816
576393841214898177
596340531824881664
438280014770237440
447858633590575105
572845107461931000
674359375658663936
613103859054026753
626513132266123265
620367017959366656
469519778789744642
584523004379561984
685153022427672576
968622170954977280
466567371139067000
585000608576499712
687338586434240512
975761807074873344
675311427075354624
969886319974510593
582625516160573441
579711712678547456
567067877577330688
661637620842278912
973999673202692097
429287402184515584
972466102814101504
973985280666546182
660801187701235712
487027936605003777
972789531983384576
414012737023639552
544044308077494000
600696464508092418
653632506344947713
972746710194716672
975730327388934144
573510444058591232
654325907251924992
598470580367695872
514769277296336897
528683425247821824
565244724341403000
511593327385247744
444902749378183168
464157913008066563
676797447784554496
973524341345398784
649965889719169025
616020844343656449
408316125290586112
657960817342750000
426046652374208512
964543554826768386
642412357256396800
975749571736424449
522028091548663809
523092043703541760
548634182172561409
974552373216428032
698275887561764867
651514780339978240
586200650364678144
654546040872398848
467405378633080834
580757112927719424
621821415654838000
560877519499698176
973117658546802688
973659550044884993
411949004197756928
654760984582590464
701881418717261824
628850422049079296
560924285615620096
525574972430123008
586595788173762560
966026036881297409
542066201120485376
499105588476141568
525537501264748545
599157990990675968
586592161560457216
661961710874570752
559295281637113856
587479855094087681
405828854734143488
975762522702692353
546238405290782720
651294587919712256
681797559438938112
558737268744396800
573884431049580547
652582787892031488
617417019554701313
609456207682736128
413077610202025984
636595300292014080
415242434076217344
559488411657310211
975807209224507392
685131053187600384
462345449354305536
543702784991051776
975828049127239681
676785633097027584
672881535108915201
502563513169362946
972892520379240448
538379887732875264
965304195850080256
440563933556903936
577897816795815937
685206842465751040
402537869207539712
680721654633361408
590609990924296193
549701099499032576
968589186658955264
625735194276925440
973889836707930112
596368740318609408
975461115047153000
974222833676115968
568456156093526016
651841241576042496
973124320217190400
970705081166385153
580785506813886464
567413758809870337
652196586215370752
424903186160164864
409372322714636288
581217016259936256
587668751795023873
973585775974641666
586290555946172420
542696921702625280
582954731514941440
973878488263520256
682237390371434496
631524715991953408
675392878680649728
675678935032664064
974384647487574018
564434394581323776
677231989699813376
403224429926567937
651180207257219073
975478823805472774
663058635627610112
466609185078407168
635905600120078338
403557582473674752
472409757601792000
621032274067386369
624362399441813000
644595980344655872
647491309993897984
472030035579510784
680875991477125120
971796127036166147
966606611220500480
574682491027595264
408923793474605056
976050626370162694
973902548234133505
440805237797191680
658369731225890816
477499410738204672
606532082068799490
627906165310124032
972672782189453312
573210326612766720
596455430173413376
672023317889576960
611645099831898112
619913022182694913
668018624066490371
582847202025844736
408911978116435968
587479855836430336
610575971075403778
673641232560713729
622498027618574336
974462614792294400
408932784183320578
457083571392770049
971502132640829440
608056970571063297
969698615877828608
659860245909475328
973941467457753088
973333181536591872
610424712389357568
973918785903255559
664729436424654848
527892408244371456
453817489290706944
676857315816030209
562610600539590656
616676499580682240
600011346630057984
972928096713179137
567397831859011584
521432391995645952
650951453113221120
975791024818802688
413077792310304768
676529764765667328
525620989909278720
595903927884902400
535810692897443840
640233197117272065
544213860543373313
444501537738723000
600767746247360513
413308447686291456
442328608909307905
586498031635324928
605832171899621000
477494946346565632
578993062862553089
624326550477893633
637002048307896320
679425980809797632
610202779047604224
666292760870277120
968511227570909184
976008160963170304
970563545522991104
450923349754249216
974138047527866368
651085979588132864
492029217417068544
687321500991500289
651132359337611264
667419192795242496
538343303935438848
463622305281998848
624353470267658240
970686918039138304
542663830585999360
654651249183162369
571013507283623936
689541708074336256
474998905470746000
975539925595586560
676716526158938112
973727206601043968
655424403346497536
659129706755837955
492015546272350000
406072192586104832
555096676827140097
463988748880191488
609421541533708288
630165416250318848
645290578129850368
619584431775449088
680673553717538816
446244378076807168
625736272267603968
602816629702062080
975310325162696705
667087505628520450
598564432348844032
971866894646022144
974097189357215744
969287070861742080
582686788113678336
650963638434574336
463788696441851904
622146311471673344
644985704934690816
974510809442209792
612717872486424576
635751902769233920
650381686971191296
974241268443369472
625389772899528704
568873509469990912
597093610740436992
685969729723432961
653471114396459008
973771518491680768
649987978568273920
966613315488243712
973823159563677696
596422465657638913
507952954302038016
651864427592073216
668539152745517060
589084649915342848
543798347631706113
428258673379381248
415535949771448320
571594288498384896
534022734607826945
525633198286725000
410084461569921024
443672793503113216
975086154931466242
456914541138681856
970104129434603520
974330341451272193
673224960907849728
652408185899339776
973657837732757506
973670533740023812
973312841620041729
424303372356034560
436926828146884608
567399120319815680
637321989208805377
408966285348044800
697470815848235008
975174076984684544
408960434591793152
590543200730935296
578298021705854976
467411709070962689
622741538649600000
606584044789334000
648505827016474624
565115402364399617
610228740916944897
577494770433564672
564404700813205505
971349229233954816
466575657276014594
555821804821172226
596377589696069635
415530542239858688
433592182335733762
667061380281974785
618885223363670017
547396864157679616
680078664399216640
614564051109154816
975753016732278785
419098669443719168
460300100297052160
663443348359938049
533733728229789696
581478189911916544
974781689703665664
527744324264787000
489877077534199808
975271214741585921
693915611391512576
523064019771719680
678843571546497024
576167046205087745
975355459795345408
486632312290168832
972601522348613638
668055819540422656
652586045398237000
675299234346885120
609307289040875520
627172550267793408
525651783348387840
659040767877488640
975461003612835842
588429800303419392
403574470646185984
974880139988422656
510034007246266368
563399307723022336
656394594943397888
615884392486014976
461495718822563842
458596498247127040
416591903748927488
642449964413657088
638835131424215040
408373256354140160
672861168868962305
624366088181141000
525600471084711937
466598864129359874
408169179368271872
603624312315191297
974650104043966465
970789105650077701
599240263534563329
627530933537783808
618540885182128128
974316941132345344
692482176332533766
579689712736198656
527931533303492608
565987670338592768
604385353928171520
646707974455566336
571237829365399552
582625516387090433
457122621511856128
598599888788684800
974216869027745792
641910726039314432
625762063563005000
430906342371364864
605835725758537730
408877815061159936
975115205863723008
410348571335327744
658398482257072128
661953950627819521
637693205350363137
632973062850412545
669205530750148608
973725888016732161
562903476897058816
