975077434553962497
568129296222580736
669201744535113729
969214293123231744
462320672585580544
566856350207311872
610223609672531968
598133784366686208
652547711762362368
429542554539790336
630828446042734592
657660806071455745
674351804012859392
616717686853144576
700415334940016640
968571882114035713
970533408718950400
555026850008010753
631580596557479936
403549441120284672
515604215251890176
970036280347299840
648909592496336896
658385648047497216
971448569080221696
598625171688312832
627894465764700160
639570429351493632
589209467625025536
627979163845173248
680815487412998145
677906175887806464
648916345250283520
975697313195798528
682115286527557000
667019663667306496
625052495950258176
624355904809533440
568900579352809472
436205620119621632
681591727665315840
667403844431802372
616710063042924548
448154304944566000
409109520883781632
634462180096671744
973316297110016013
681543222791942144
974391352875241472
575380421778804736
687356252951855108
972488782908882944
569576012180271105
967505441671532545
485898061546545000
970901153516007424
599314373040054272
658416490320908288
640270745109708800
591373313848541185
683039506275155969
973927040872218626
582680220425150464
577569796100890624
643913770054631424
578648843371282432
971367539963060224
974409056755572737
624339356287954944
626479370815848448
622530321494487040
607230647569104897
643844358651953152
635880547684872000
970358871410823168
442072495538335744
403576525955821569
591353540808986624
702548427675197441
579368554270691328
618130501019267072
544957878340419584
651853091806019584
651892689542234112
676475606670905349
590553051058020352
692463357157318659
605097247064375000
651139860405727232
975758744213753858
609480076556652544
604382988835672064
610900641473400832
680826631297044480
651141100921458688
616017166844956672
546689978940809216
600770972766044161
603651799392919552
506452884519927808
974263390121201664
648235374632902656
492021479199211520
666359067452030976
652534420533026816
503234419592032256
632327616964526080
965338815463243777
973609357807144965
419512728810979328
630782971352621056
571022020907012096
444742896999477248
532890886158684161
694618817008373761
466578793717850000
570329862809866000
576851115255402496
971452517057024000
433237182162030592
970316091347161088
973533060024164352
693866805383798784
489014873435963392
971844904954494976
577594096837107712
490893847934017538
624328502267920384
624326109102895105
624357607533379584
639555702407720960
632980338231386112
975004144082804736
973940494429507584
413026130606559232
623914531132194000
561806084336144000
620351946990481412
553650559329529857
524077967321083904
560823909730500608
672161817255350272
508364792240025600
677180514290282496
398825774863876098
618383717640372224
575409142027849728
974292548490493962
675069804584259584
479390083075047424
434039978788524000
627172349092229120
678682541361115137
642411278317830144
563770748888961025
492065431403122688
685896810053918721
585843933453889536
589105458604077056
648245416148996096
482853630505414658
624366755683692544
592027666389311000
974568388008861696
673998609310986240
700363167705260032
466651906044338176
662772974077026304
592807176508481537
654735605042032644
473454583189372928
634455879102939136
586252562938130434
581734146663419904
648200647003754496
973902012185239552
624355300284436480
623985413036900352
440221497592774656
507788263185080320
657630177007153152
497133769292521000
972440564028379136
974187989734653953
430766712334852096
623026137271279616
634511017964380161
698233795833688065
626458843506212864
602173413977886000
629344386942390273
588996690599776257
675789808250261000
507783287570325504
625700538664026112
601435395084025857
483300820705095680
657302425783640064
689451796553535489
403222424520753152
975328442576187392
654760410038464512
482821172850331648
573907939880206336
965314116540882945
579223517037752320
616918614592081920
590554731237527552
597900287760826369
661961567387426816
651835697771450368
624363764138278912
457415529989701633
615221049433681920
975858309851906049
972878959414251522
672846957040283648
673576592304680961
973415909820858371
630870199055552512
568162212742897664
970416134888488961
659819537601269761
435416145441865728
621030495795720192
544251991263051776
624364184483069952
601469088364437000
650424724321869825
657625341603790848
419240063881711617
975759432616378368
971836433248997376
625032899759349760
638757820477906944
596405782842834945
565890574826631168
559449283003691008
624346035880632320
584817138420080642
403594278200688640
535356416832598016
472454263541866496
560180969488285699
621829692493070336
624358740775575552
654723255199096832
572716451183915008
558241761550958592
671462054964895000
608668244535312384
484361498580779008
975036151789707264
597845966629314561
614553722534932480
453812331844501504
557973296353116160
628636473730969601
626514542202368000
682279782017556484
479690290639691776
569628662414372868
529327542113927169
504705874401968128
584090882242121729
973196980469026823
975758899356880896
646615629005500416
589870803619074049
592800390174892032
574659139609231360
654069147454840833
639337971473350656
547831668388950016
571416740971864064
601486358033596416
571779039876145152
973574624004005889
519408968884822016
503570842287374336
654713376157728769
436214757608390656
511962900366655488
606856768212332544
631571278873403392
505809072793612288
689499453481299972
527856794245541888
593817128672862208
975764232980623360
489193970598445056
966767556399976448
539169184580927489
694670185421262849
965924766984163328
485895989992370176
970797448112361472
560157930524532736
541742723154591744
625810707758645249
683051499837087744
975476543966375939
585526396358885379
568866084960542721
630148466585530368
638069117866614784
611673598311448576
968562633120124928
570325441015189505
549178376305782784
648246535738785793
558707242774855681
658375902477328385
659131426282078208
975904117024608256
576845753500446721
973498281488797696
969527530280701952
507659225997524992
971411922091479043
594917414988570624
540802158023950336
579035841672146945
487217992884031488
564560421156552704
602955714357637120
970919533052661761
551768250724663296
461582662495256576
568828060860063744
701193774601474048
642361031558348800
975126096961302529
602191709032869888
679402494179581952
593502157984305153
591330087045173250
970406146212335617
485868768632254464
515596699449171969
683739726441005059
966781275821363200
668475674630479872
690977224137273344
630818688321617920
630159789025308672
618853728175685000
488364970313531392
613821632369590275
681776477726240768
974749833536983040
567382108134707200
586988356434800640
574660891322531840
462572391030620161
970379814585724928
619610541007503360
490846045866582016
605066807439945728
504918781609934849
680118400866189317
694649080430116864
467424213905977344
678558468022919169
975771396444966913
507908956443127808
547751009209286000
972796752620384256
595694798616559616
687332187469942786
485084194846949000
558233944093888000
561606676130697217
678606802620170240
598577452714237952
624360287169331200
566008939108896768
620368729013133313
571752021495287808
574648201959047168
534742536909488129
576823127621156864
433633420590452736
654760301678608390
974537220936708098
605090078415826945
972802276422311937
702537921736392708
651494717511831552
514151444069761025
974270085325119489
627956254984511488
677209477490343938
399320253454233601
635145796669804544
644843845272870912
440441836058865664
475296023724982272
668518999987212288
641699769463742464
701890649591824385
559463747212038144
620730155573608448
588433229679591424
975818217305370624
548602802994675712
620367780425166848
669205969193275393
972557758254977027
595678457515880448
610170080979234817
472042801992302592
563835098421018624
970660395861102593
972542466577625088
667826951986372608
972836680930603014
425757412390236160
631160141686145024
585523161648799744
975324140998676480
616671370794151937
613833030537449472
589167708597530625
673564894604730373
576142135042437120
654064049483812864
614518564112965633
617462958029963264
609475724295204864
975468989353734144
973980587278118938
615982278880137216
617447696610295808
480008440358907904
574307624541384705
632288032964628480
669268375101677569
573912313289400000
624324484917399552
580110899538714624
971845191563923457
624336620645392384
457068158827122688
969258282903920640
976048307243028481
973782507786207233
636258041864822784
648201510627745792
570343913476591616
589176305465171968
973646570129326083
624363596202557440
615267337021878272
454549190497284096
568816640894349313
562368821072502786
626522927899537000
690997076117819392
975002045475323904
590616582889570304
613806778791428096
681952242627301376
614575838139424773
413377729388498944
975006669469028352
522468566910902272
975823335471878145
690968024485093376
410018962358173696
595698810690633730
618192921423163392
651130045012905984
610165905255960576
453436427255447552
640946735569874944
974266269636718593
444817892916625408
570319860489687043
572426808114749440
679411793211629568
408047888233541632
973777850959622147
608751285454647296
606580491437899777
966026002366386177
559443724275843073
665529544498094080
639719281454923776
975418804233756673
562662488031133697
563073244459446274
619595455501082624
970957941175209985
656206786123419648
609440549494484992
973466524550909952
504709928012218368
669221025196961792
657640830719537152
972495653879283713
593449110209966080
541739975696715776
592811335429267460
565999174651740161
591311261637468161
618899866358419456
636599851476774000
428182544820228000
642464188011532288
470330346689814528
641003186074075137
624362301152468992
675595599652241408
627253495482187776
612371425979179008
696095221323530240
559419498194018305
646795382530310145
968950023496065024
702571192868274176
969340804492873728
973901076536745984
589825505932750848
608734327132794881
466569516970176513
589858048790900000
621779856909582336
525550867018440704
441681016978436096
676621198411845636
432789504911351808
974524554436517889
551306585855623169
595656897430183936
972759810176438272
465789365940420608
645229655813947392
399213872374358016
535535805130100736
630816782740254720
624360883175751680
667821900395999232
532479889841340000
677528882413748224
971750342944874496
572482355664986112
583340270726590464
624357760877076480
686690620715458560
681590428450336770
486516931428904961
973238495258005505
442596076026363000
965290583844630528
631548154907918336
481107464239476736
579679101935607808
643892772169191426
693857034232532992
680094938470694912
618201984655589376
560151854601232384
974773901657083908
677172807940382720
483415310301937664
975097895077732362
966679184516046000
442743289670680000
666346945527611395
970788173444997121
492055550566232064
973974464131162112
679406408207622000
975695703853944832
682586388139786240
595642449919406080
624340649878405120
560902297581273089
608016908617662465
572471352894103552
693929369820106752
571794037503623170
409349096265502720
502494742891200512
401821345744715000
612398399334256644
403530321523515392
648242536113377280
657670313921159168
702556594110926848
614579799420465152
624355484867391488
677910558834884608
480322480771702784
582650320066600962
608758343453278209
667820533690437632
601482596384636928
547416048690294784
664691699751460864
699710155055886336
970248410765975552
613833599603896321
602966378656702465
408326744056139776
972887013983768576
613835039181291520
409064159201206272
672198009690718208
624353564899545088
975645242295799000
694647877369470976
576149431474618368
653307026790068224
685932179046666240
673057197048381440
558693086302588928
673573547617484800
417805737054568449
604371651841642496
454542436325273600
693130985613950976
636646383169196033
497043231960752128
679379830320865281
631571661213597696
648889862792331264
633270099110178816
618843255107551233
414467723804950528
435076747017871360
602191923575685120
687403747178328064
563785367456063489
401807348492423168
640271544405618688
970415079555588096
488786949071978496
965965695593975808
624323772359651328
442277288802271232
517034556931997696
665595152464019456
457084536934117376
662043637715509248
494950042248028160
669281580674846720
675805355503452161
630515526234714112
501847796975419393
646103220289425408
650397568304873472
571218262693801984
575435625098297344
621053264667246592
667040676509560833
410529141797040128
510024717257166848
508238219503083522
595658168665034753
632291307474563072
662679868405121024
692463016445616132
475414212580503552
965945384349532160
598446497802362880
626489885583634433
631580990520094720
544081821672439808
606567519873318912
594270589398949888
631547003340611584
590622801905745920
685963373821968384
592699679932063745
618456969045766144
973263130703945000
976008168261259265
639524685131186176
595648320552460288
651417918786416640
656130471231889408
968551544428859394
632990779649228800
579209641290235000
417728256998375425
580511595127799808
680077988411604993
657642360407511040
470221063197306000
699733995513344000
546452949615276032
482919897379643392
610157004569583617
643762600635973632
973631234743132162
559395958552006000
626812592674205697
573924026738999296
540846545818894336
672153200787607552
975740532617031680
689558040530423808
627241046402052096
424074592899301376
681537575388090370
613784642173464576
576855637277204480
625712579730649088
570326912993615872
496334325026402304
617406543663878148
970386241953959938
675089165810311168
624364736059150336
402169206352789504
610902667116744705
638840366909812736
972883483268976640
974209619332620288
679411923587305000
615977948563308000
970251471102103554
643910148847718000
569621818610470912
627912050111610880
515852850522750979
673621939471126528
476779465855762433
459604532348321792
648927404640051200
699684680866603013
507587910753714177
637050175211573248
507933239777177600
643449242011439104
974366486516129793
970379690102976514
648456652555972612
415463124591198208
569554732240523267
591283524772225024
609422675988115458
398841221025890305
975584919920488448
674304068832124000
569559102696730000
570326376617631747
637293588628549632
564529634378010624
424548932060860417
415573447859634000
647542784136773633
596463860019818496
667414067376689152
624361728869072896
626486908726738000
619677008000352256
582651074441531392
618832803598331904
407974126310006000
973249517620514817
435140921228009473
558678461997649920
485768520039272000
696108012784742401
591357882077159424
680832354412269568
627171652112150528
637342580414353408
656940827072200704
557999426674122752
684446722739810304
648255793255608320
974257817279451136
645284383100915712
968820811208503301
579408207455657985
401055926771535872
667055489893691392
666357858116702208
675093742529945600
579009672604160000
651429485624037380
576142693312696320
509823268652851200
975692056139100160
610450498001440768
630335434401390593
590613511392391168
520651168364892163
532214544056483840
637385090088206336
555794422064218113
565256419487023110
647165589144895489
549185955245355008
579773886826450944
624328580437143552
576888051424714752
971472556724183040
618610770159489024
551879651837362000
631575295733178372
621072813714223105
648529387038605312
601492048550694912
668541290506756096
616023060710354945
698204635820122112
610191746929160192
621796121028001000
624353053693603841
621051856459067392
637338910075580418
621099242887741440
971111153018523649
969140346956414976
444561931077419008
628662221304934400
520871088549810176
576858530256433152
619931920063926272
696096082242232322
612355237769297920
641037225447280640
664217777809530881
565994485893824513
973199332819206144
488372836604841984
598590152202661888
629410904472449024
439321155204562944
456095359232905216
966754914134298624
413966952194134016
635891881130500097
571756966554574848
625769837743185000
611618172693803008
973312557866995713
589326276537778176
975757903025131521
970758476799598593
519471417491222000
617742620064882688
541652261785841000
673577912885473280
431744857036824577
475177662647132000
615920973573922818
973848930210451456
576893068206612481
444746653871128576
630090678278692000
970223828604506112
699636647936315392
692447481221746688
697569368398503938
482934145082220544
635180015492141056
602395391301136384
968515839027707904
519964930716762000
679361951382839296
621788248243838976
974573700052914177
619644625985347584
616731909712945153
973981526131138560
570262074280042496
683005713724116993
648921399004954625
699703837670694912
404366030874882048
608156255010619392
540819587601027072
694595196596686848
616009175257194497
602239018995159040
602847114025140224
445121402572898304
664174768090927105
648241520106188800
970665391012839424
690241855305433088
647475574378758145
681607482637168642
966009748721143808
693886877347225600
563289710215565312
572521495995527168
574708087111696385
631560381211758593
967488894987096065
624358163886813184
413053192834805761
424289327523594240
560904035235274757
416558550911942656
688785383610515456
650421015412129792
639720055987662848
621081486414991361
628615274774798336
624339882614370304
589870728654282755
398936030168231936
586946493552140289
639518217002700800
615291075515781120
973534571949158405
641625948593516544
650446953294233600
616033387221020673
643867201490042880
624354511319101440
692463348013764608
576829882908422145
613037199064473600
506750153420996609
506737988274257920
630159228565626881
690289118828498944
576110090031349761
633335551391830016
659116458463641601
623947112611381248
624356044966379521
657828644430192640
658371592083345408
618183577424031745
651132460088987648
965959563999612928
585554446261817000
611605737748480000
683697683517837000
973854824214212608
973102334611001344
657497839333978112
409286924168609792
621774259841536000
648941957369233408
976008341997617152
405061485950668801
624353248200278016
611580193216573440
639553279148621825
512996297813794816
610159119467720705
652527129792528384
975111596681891841
652554179580403712
692469234014797000
974785922658119682
597122773480251392
688859611768696833
563783456984162304
627171972582100992
608015037249298433
415574601411084288
594925150677704704
573228048440528899
624365218890706944
399462586950762496
586644954652528640
630150771737235456
420842703073447937
694584604636901376
569587691681140000
617449915816374272
569538041863397376
576819040414498817
643777832435458048
669634826031521792
701152409335291904
549603632505974784
440454466303979520
613117976972251141
594959859545702400
622468768812408832
657843212363677696
406161873172959000
975871859270078464
656224057520734209
580115771344453633
406074654668115000
643903217064112132
482677965940346880
975738072456364032
631534632387932161
447353133220388000
654664977823850496
595650136807710722
667065771709853697
624353606930694145
648942334302920705
648930032761577472
971475885588209000
667822244693852000
553255510028607488
973997387789238274
636687262139437056
663439902936272897
651849234896060416
648942569183924224
574650923244515000
442762679397416961
683043419971780611
965311099221487623
558727821338902528
692476511954288640
641291685662736385
966088269300686850
413436704234553344
581732017827627008
968989317262659585
618166458183516160
689451647471255552
481066160889544704
969212849263468545
974359752393228288
624358901425831936
968838461213106177
624356605451182080
965211742711287808
969606846230220801
648438919953055744
618905123612438528
679356567892975616
624334646084509697
598500737363136512
659094933912047616
576868546636042240
619951658064330752
624326250274779137
648904111220506624
701833748439031810
572499844654374912
398855143648542720
692479664019918848
511838100663066624
612354527631704064
968430920918282240
638108375591591000
452865408836849664
558769797354106881
617445268301213696
588084843843612675
579005952776622080
624359919727345664
648500300089827328
547430512860876800
970089050861441025
542679582462459904
624354486232973000
686678003615686656
502703963524071424
974332087426838528
621773893989199873
692481183918219264
532981017184071000
539538239770853376
648472267886825472
679337238929477632
406109840411734000
561920870026051586
702590330860867584
635847172118986752
558731129243852801
966604987198595072
515915621528526848
467414712880472065
547499784274448385
603525049656680448
697522566328619000
614577715765727232
971812556431126529
677275338485968000
466605814716043264
504322038178516992
642376209297461249
693166604838932480
653488040485257216
641748267219451904
581202790841753602
576110914899836928
975715842947239000
965169929694560256
624356155977003008
536865461523464192
545172020674461696
971779199496343553
667102410935021574
688093998905462784
585563069100720129
593487913834405000
625043239800844292
524216886842908672
588398926434344960
970411418590875649
593406399146659842
966795258561482000
640980655229247000
616691214142820352
687312421820710912
557930697676312577
583325603522351104
965255131787874304
604378363332009984
624365154042552322
424509262619213824
581925335920451584
654800951262359552
677469318020513000
647558917732573184
975723047478054912
642397445796794369
571817494433959938
971747832649535000
422129072697663488
644614570280095744
612362585606897664
653479212591005696
661221531197001730
538388508982116353
698234449415315456
459017582452809000
565904356357439488
598597866551148545
970669374318276609
675085555902861313
972920839829098496
624364118296936448
639501638168915968
671443637708980224
579017295592333312
410059094959980544
665679919171690497
648923227583082496
606565324641730560
974920704184471553
630819152417132544
542783027177586688
634414492701585408
584783753098199040
974350508025696256
405027237319442432
975846124346109953
589848748811018240
604401729208217601
685869052401729541
674259938877812737
538006646312955904
570326841593999000
650712851116609536
624356167582621000
973303512040960000
680823536869597184
524607959402549249
624325702003724288
602945107722108928
679410660665663000
974528048249712640
975621108618682369
972424732397236224
652154563688992773
973846368467988480
560158797508136960
662018997806882816
617427111041757184
676659851183960065
625711330117292000
610168756506087424
591888307782549504
501120236889051137
969403908224372742
638092853709787136
573155481004478464
586998328841351171
974756622416449538
621091841971236864
444958009496973313
540483770793488384
422114611102744576
618866654630539264
446933639914598400
975009306352513025
970057639970394112
635881281465765888
401781913964519424
584816627423834112
671466806784237570
965338278613389312
658350271228203008
473395611388370944
610803801189154817
670022399249764000
698292228775677952
971399815425912833
637950990906466304
624361882963607553
571018823316467712
592046520779800577
973574728156884993
572478552190414848
548773003337928705
689529465945354240
657620583664984064
695354811454074880
492082029828513792
621064287944097792
970335449125441536
669934974808809472
648905349878165504
566746000492998657
677882664016338944
675037258613972993
971420187965652992
603610737987182593
602238223205736450
617426533414776834
647499000489353216
638842234016780289
582607330069577728
646033793300721664
971466743678947328
973166931887968256
621806600290963456
650377670476345344
601505532801896449
435316963829903360
561592586063052801
973530757011591169
526073451002757121
679394126576644096
509399095329685504
558007938619826176
606535702550061057
624354522626981889
481155288264110080
505033428027592704
679421786551951360
572496892753530880
563829864047067137
579762766791208961
974299585232465920
965953571249381376
975024624881885184
636626663099494400
973979500668211201
639512713706754048
674291944764399616
576869115551473664
634275080667795456
638149908730671106
679347712081399809
641761066893094912
624339662736367616
650403164747886592
476031452044197888
622506228778987522
595673766199459840
600053744772980736
626753716830478337
609434921808068609
969704945992822786
571050948916867000
617427524210061000
616027170343899136
678607808431001602
579728650725154817
973869046650335232
673630003842666496
965334319022706698
678700059098267648
668545942665224192
574989175495262208
969644911434792960
699655499361312769
651009683805863936
974362558953152513
624330439403024384
516289767110365184
492077963404673026
578599714431578112
663282141082607616
974258090685149185
605789067914051584
971120591498629120
643720789406162944
969572966630641664
484433501949661185
702591142311927812
627006252183367681
970577281000333312
618172911896166400
973635890428956675
540834196747718656
502483867123855361
490445579454275000
563051719354236928
618789511233957888
502554408509767681
655513237547556864
433548075492446208
680099914861424640
605089879802945000
688102334019207168
622478352490844000
566740541300539393
489140550776668160
401819351969329152
657904000893874176
484353971856093184
618838200438681600
593662580595531776
442005524000026624
605038497070755842
618928952002899968
618830882099625984
688836058512011000
653281730502217729
562638776636567552
635936486739722240
665607954092179456
691637768510906368
972758379109240832
973612491858153472
965205820786053120
969898825136640001
965997265948114946
573980314479038464
416988730214584320
621049714721435649
638780200210333701
581160494771372032
667028940171644929
663468623202263040
596406946099507201
680777281409822720
651800851426725888
701150270328274944
490838053863579649
576831823004745728
968378018463993857
684462220001067008
630836608430960640
621770494166061056
702634810397868032
563798852780961793
688143111705366528
540846713305853952
614565202814746624
481514403666616320
532827067352887296
624343616052424000
680130216560320512
603613627770372099
635175587779358000
584479153371672579
628697917763792896
648908679371223040
680099090059923460
610898381922119680
657983583601172480
973307865518796800
592068068706222000
601488697373097984
667778277055070212
683708253864329217
666382507840024576
648558244114374656
576109458406944768
626541391456403456
974332885124763648
625398835213377536
625054245633552384
570327039837732864
576817529403879424
580422198420197376
975077999300304896
641027495295365120
564463108610326530
653502055856910336
638033681777565696
591347091454173184
624344217125523457
630121538415632384
672124559512989697
535945423761195008
586982957992165000
618925172771450000
607274960759996416
969086748725858304
638802869299347458
597160867533299713
462558989155590144
969326388456148992
559455752587591681
624348044310523000
529323146407849984
653494694828240896
681560623549943808
975868297433485313
595650049725562881
590570174274789376
969228439483011072
584846031218675712
530152492026191875
662035040528949248
642440591171801092
973310685705920513
447877124817317888
685170878640984064
592026301713805312
970396677306798085
625730598716461000
573947561771466753
499996136678379521
683786172397649920
618712404571111424
975322169977790466
452178091163406336
678627863290097000
600792832115384321
573183244885221377
651135002193690626
569564880224854016
635120500121976832
583335859514155011
973595244456497154
563029410761428992
433675297125195776
415614908739637248
677221577629544000
615980337953415000
618905626358497281
437706435577671680
610890826814611456
613835320652603392
624341560180768768
968373497566318592
619621368565497856
561670829579452418
976020790826160128
643860295266512897
573249436513665024
688107359470653000
659823035097202000
403623021753434113
695395820632281088
559684573077200896
583331551531950080
654680832070672385
499815379817222144
577810128742797000
698202677172371456
971823864216018949
539451295569293312
652557317020479488
504570997086097409
699646748894097408
587578472236736512
558035313374003201
562683619941285893
570996587222196224
416972122787811328
646702687816302592
500960295490428928
684491430388170753
631590346447810560
621845790990966785
524173033192587264
612602787722080256
635907721578061825
975651710541672448
699714698913189888
501045533642076160
446406818412376065
655497339671564289
621751435546488832
642820665809182720
605833685544280065
672153786610225152
621091366903382016
597865589697282049
656199506787246000
580477461584035840
622543384733945856
618172011358126080
633787923821932545
596403639041826816
973421231117611000
568146193030750209
621752383585042432
624346168647151616
674320032617336832
493075362461388801
640290879161413632
971412095815290880
453538262964256769
493431227299663872
619493311976448000
478160770145202176
974948863592288256
578542941083406336
618583279072116000
564206677990576128
684424901508337664
567426696232828928
687363929614475264
511220116269572096
971262519544373248
662016145642377216
593505116138831873
583328498313523200
973279371216777222
677263142976491000
624358251392540672
650411341166026753
631576871684165632
657280179618734080
679358938073210881
614574662903832576
401840674938814464
964448816194867200
615998551483654144
617428029929836544
478491987377946624
974725060937355264
624354338731859968
970265257045385217
418373842814242817
579702000834711552
578561572030820000
554603585884147000
700439775002652673
663395038869762049
680437248924450816
576818828480520192
667077116350103553
462576383458557952
974320187519459329
681556034096381953
415608692877590528
974679723551940611
657273354299293697
518884338629238784
971619178988875777
673595030922240000
633610299103408128
522013079178326016
613791880367742976
563008745081679873
625034918951788000
453912809085362177
635759576126758912
481157527267442690
975844794684641280
596414202400645121
574622480163278848
621637190846705664
634859035741810688
967452256261033984
693175605265842176
682344419266269184
659097188195282948
648928675308695553
510108964240257025
608749859852664832
587733435835412480
605094072181735424
578298721148006400
610171882713808897
969252035748089857
677265356763865094
700401942732939264
558256890996850689
562303336603717632
576849095521873920
495647679771590656
467417267085783040
618171277065474049
651102071278673920
969586308434755584
430620415107805184
452838308188811264
607967276835475456
667113962127892480
599327759521951744
643546391655137280
565911024906534912
511399709651787776
975759392980328448
693946701321768960
563099183587295232
681955996806283264
975353457518546944
975821713345740800
402411547664068608
481544327123206144
610180733450256384
618199588579708928
601456096813813761
968592839365070849
970418223693942785
567419401604182016
650434125703315456
975498033566765056
973134208574074000
664223467953328128
670697902596059137
670700963657875456
492020868403302401
701167052002881537
620279569795403776
457550992738115585
654588996639674368
566679031974989826
595727018341355520
689477982960750592
970110651409551360
616687287133437952
490812605435748352
691717688876503040
613027370916835328
650392594372014080
600800332965359616
605844581951795201
621096027223887872
968548251099115525
648958178546315265
568164639139360768
571049434563420161
652478531432267776
970757726556041216
630438595480977409
426006009275240448
667119950893613056
675071361220497410
405064471241965568
972913306729054211
622534201666109440
593518139209486338
584758127452651520
973651187219255296
521403337632399360
453608574334164992
587593338162909185
576830667339800576
590643771739635712
975774806883946496
685152985375203329
422347706322145280
620699755912515584
654054544226316288
597879862880251906
576122787036815361
482966327322497024
616862947021864961
970052798288220165
695333837962760192
606797118473424896
970758982158692352
575397911267274000
506670237329399808
624355391770656768
603539206925852674
976016856833282000
648919208638742528
975792966697734144
561593934494072832
975462978702147584
643161966001958912
617467324338192384
559808174132588546
626867303288819712
592375912534024192
662752687159660000
969845047545024512
624363815405228033
506799833848758272
428649306112139264
487009876926017537
975821841695694848
563842585983463424
647444971704963072
600724006669520897
610895251679514625
565231975276249088
693899765277392896
616664900635631617
622526350704934912
975825700572852224
630844136036429824
613057518013685760
559472610711724032
564432906291257344
696061649652944898
974702104861462530
662012152904044544
974388563742740481
560164000127004672
581533559342653440
696057100921868288
588421645351653376
975257288226361344
668017695028310016
656173634147504128
603591298243760128
971716308051070976
632245296194580480
446319356814041000
687384913327321088
581955937642147840
673608194116177920
965190466026266624
559412216764456960
700433119518789000
543725853054861312
968536250088148992
446946045025878016
967498045754626048
616998103015665664
589830468729712641
968547038970503170
645971002913095000
677816595180298240
673605655295623172
462323581771612161
970245733331931137
624353922715660288
617426737467625472
617479254524194816
458322590323712000
406129937469276160
601488269407301634
630794408082960384
640229744936656896
975730856793989122
969552333746180097
522474982304387072
973499512701554689
695330202415710208
964506531441016832
642433671484559360
596069598501416961
592798642165182466
968555521161728001
539840344779915264
517307248713146368
646050496587939844
618547472437243905
605844581951795201
616677860443615232
494933215904530432
575367347973783553
602165776158687232
445118182052081664
638758956362559488
681585442916057000
975806901928845312
452117336703913984
624358661066989568
625035689499983872
432957970662440000
508708086534926000
623248974313594880
685178177501573122
677220579234197504
971398833384157186
663451796728324096
624339054776201217
570352896593670146
974647705745149952
630824248693653504
654774387241971712
645325865497313280
624363898821562368
505034931752689664
460140372631355392
632183158813904896
472049945940623360
662690962188144640
585498329175433000
685908120086966272
471725095036407000
623908962870628356
603630111804514304
608040621656449024
974652405961973760
550909428862439425
618106489396436000
683757916525060096
975381745288835072
613095215516229632
973548536120991747
511895501403615232
682991816568893441
537337149302259712
975704953682612225
660222193968746497
970315145921646592
615994574884966400
651827047904505856
679394366926946304
974378959633895425
971825525269417984
582687460301389826
669972808718491648
594948605158551000
614519405280669696
562343683811704833
412945735735185408
406736011579113472
670711987446415361
689541397012168704
481896166809149440
623948664164237312
972620914041946113
613114104509804544
560162976448397312
492018088549048320
431199358521200640
676530214999060480
640235586440327172
616026007305363456
626468381428985856
969995243994189825
503184266621366272
590625852838305792
974270958721748993
607178618205310977
636605621035528192
646056853215051780
409432476512432128
478572345406529536
655485539559284736
444414364733685761
602946015533146114
698987083784962000
975003719862505473
975824929890471936
667059348888252417
971699074826231808
656916056368414720
653990005623377921
683764901790248960
606922047416115200
576872627832225792
507824170013446144
554680820796252163
969907613164023808
975722241215344000
627935958139338752
665644165657722885
502735823176204289
681605872838127616
617328327808942081
688859066521759746
623246856022327296
531185976090296321
413331021715623936
623976477776867329
651839413731872772
624328189653848000
973444641721896961
696743236791103488
649644535782469633
694588142955974657
438363805236871168
600027131876347904
667390899102576641
492031672985325568
975647414915948000
440541687732256768